16384 10 14
65536 10 14
2 0 1 3 4
3 0 1 3
40964 20 15
5 0 1 3
73734 10 14
86017 10 14
8 32 2 37 6
9 0 1 3
11 0 1 3 4
73740 0 1 3
49154 17 19
14 8 5
27309 20 15
73744 10 14
81937 10 14
32787 16 18
8215 10 14
49177 10 14
28 0 1 3
29 0 1 3
87564 17 19
42555 27 14
35 8 5
32805 10 14
16422 11
16423 20 15
41000 10 14
41 7
42 8 5
65579 10 14
57389 10 14
46 0 1 3
24624 16 18
63287 8 5
51 34 5 8 9 13 24 26 28
53467 16 18
24585 17 19
65592 16 18
16441 8 5
57402 10 14
87391 17 19
57404 16 18
24637 10 14
62 10 14
63 8 9 5 13
2457 10 14
65 8 9 13 5
16395 17 19
24644 8 5
24645 20 15
73798 20 15
32839 10 14
72 32 2 37 6
16396 20 15
49226 10 14
41038 10 14
86029 10 14
19128 20 15
41042 17 19
83 5 8 9 13 24 28
86 8 5
65625 10 14
90 8 11 5
8283 8 5
92 8 5
93 9 13
32862 10 14
62821 20 15
99 12 22
102 8 9 5 13
57361 8 5
105 0 1 3 4
49258 10 14
16491 10 14
82029 16 18
82032 20 15
57458 10 14
116 10 27 36 14
73845 10 14
8460 10 14
82041 8 10 5 14
122 9 13
123 8 5
32892 10 14
82045 16 18
53269 10 14
64108 10 14
131 8 5
41092 8 5
36886 10 14
16518 8 5
8327 10 14
54636 10 14
78293 10 14
139 8 5
32909 10 14
16527 8 5
41104 10 14
77848 8 10 5 14
59958 20 15
46446 8 5
8343 17 19
86477 17 19
8348 8 5
36890 17 19
8350 10 14
27333 9 13
57507 10 14
165 0 1 3
16552 20 15
169 8 5
24746 10 14
8364 10 14
173 8 9 5 13
66019 10 14
49328 8 5
8372 10 14
182 10 14
57527 10 14
41144 10 14
65721 10 14
31376 8 5
34425 10 27 36 14
57534 10 14
79221 17 19
59200 20 15
16581 17 19
8390 8 5
57544 10 14
32969 0 1 3
203 0 1 3 4
205 8 10 5 14
41166 10 14
207 20 15
57553 10 14
81955 8 5
24793 10 14
84687 17 19
65758 10 14
57568 17 19
70658 17 19
16611 10 14
229 10 14
49383 10 14
234 8 9 13 5
33560 10 14
33007 10 27 36 14
81297 8 5
57585 16 18
65778 10 14
73972 10 14
57590 10 14
69673 10 14
8440 9 13
87455 17 19
73980 10 14
33021 10 14
82174 10 27 36 14
53903 10 14
82178 10 14
86059 10 14
260 10 14
8454 10 14
263 8 5
81025 10 14
49417 17 19
24844 17 19
73999 10 14
24848 8 5
273 17 19
84026 10 14
57620 0 1 3
277 10 14
84697 10 14
33048 10 14
8473 10 14
16667 8 5
287 8 9 13 5
288 10 14
290 10 27 36 14
65827 11
292 8 5
66950 10 14
74022 10 14
49448 20 15
15068 0 1 3
41259 10 14
49453 10 14
25425 20 15
41265 10 14
308 10 14
31454 10 14
83337 17 19
316 0 1 3 4
57661 10 14
33087 0 1 3
74048 10 14
49473 8 5
49475 10 14
8516 17 19
49477 10 14
24903 17 19
49480 10 14
74057 10 14
8522 11
49207 10 14
335 10 14
337 10 14
57683 17 19
8532 20 15
33110 10 14
24920 16 18
85665 0 1 3
65882 10 14
33115 10 14
71327 10 14
49502 16 18
27553 20 15
49505 16 18
41314 8 5
8547 8 10 5 14
82276 8 5
49510 10 14
74087 10 14
74090 17 19
74091 8 5
364 10 14
49213 10 14
23272 8 5
74099 10 14
49524 0 1 3
373 8 5
49526 10 14
33144 8 5
83348 10 14
41023 8 5
16764 10 14
57725 10 14
383 8 5
16771 8 10 5 14
33156 17 19
57733 16 18
8584 10 14
22916 8 5
87209 10 14
41356 8 5
6893 20 15
401 8 5
49555 10 14
8600 10 14
65604 17 19
16797 8 5
69846 10 14
74147 10 14
420 8 9 5 13
421 10 14
57767 9 13
16809 10 14
8263 17 19
41388 10 14
82349 10 14
430 8 9 5 13
38301 8 5
65608 10 14
72217 10 14
437 0 1 3
74166 16 18
439 17 19
8632 7
33209 16 18
442 8 5
33211 10 14
444 8 5
445 8 5
8640 10 14
454 32 2 37 6
49609 16 18
65994 8 5
1585 10 14
462 8 5
41424 17 19
66001 17 19
68089 8 5
11745 16 8 18 5
468 9 13
33238 10 14
6905 8 5
473 8 9 5 13
86095 10 14
8669 8 5
8671 8 5
16867 10 14
8676 8 5
8677 8 5
66023 10 14
74216 0 1 3
492 12 22
495 8 5
41457 16 18
16882 10 14
66036 8 10 5 14
79273 10 14
83856 10 14
25087 17 19
39611 10 14
80640 17 19
33283 8 5
517 20 15
82440 20 15
41482 17 19
16657 20 15
82445 8 5
66063 0 1 3
531 8 5 23
49685 8 5
49686 17 19
82009 17 19
33305 17 19
8731 10 14
33309 10 14
67792 10 14
57888 16 18
57435 10 14
74306 27 36
11014 10 14
74278 10 14
79281 20 15
552 20 15
553 16 18
25131 10 14
1458 10 14
57437 10 14
74288 10 14
35592 8 5
41522 8 17 19 5
20231 20 15
49716 17 19
57909 8 9 5 13
13385 20 15
41527 10 14
66104 10 14
57913 10 14
570 10 14
45151 10 14
82492 10 14
8765 8 5
33342 17 19
58805 10 14
577 0 1 3
66114 10 14
49732 8 10 5 14
581 20 15
582 5 8 9 13 24 28
584 8 5
1463 8 5
74316 10 14
41549 8 5
57934 8 5
41551 10 14
32867 10 14
82516 10 14
15118 8 5
66135 17 19
8792 8 9 5 13
33369 10 14
25181 17 19
57950 10 14
25183 17 19
16992 10 14
84752 10 14
42427 11
82533 10 14
41577 20 15
53351 29 21
51986 10 14
82542 9 13
34237 16 18
626 8 9 13 5
17011 10 14
632 10 14
33401 10 14
42575 10 14
82556 10 14
74365 10 14
39701 10 14
71763 17 19
49795 10 14
66180 10 14
17029 10 14
33414 10 14
82567 10 14
9606 17 19
650 8 5
8843 7
49804 10 14
25230 10 14
53357 10 14
660 8 9 5 13
25238 17 19
42436 10 14
25242 8 5
74395 8 5
668 9 13
23322 10 14
66208 8 10 5 14
58017 10 14
8867 10 14
8868 20 15
49830 10 14
86129 10 14
17626 20 15
25261 17 19
8878 10 14
11037 10 14
49841 10 14
41650 17 19
8883 10 14
85131 10 14
696 8 5
49851 10 14
49856 10 14
60581 8 5
74439 10 14
74442 17 19
8907 8 5
79309 8 5
61560 8 5
82642 10 14
13774 20 15
58071 10 14
728 8 9 13 5
76580 10 14
58074 10 14
79002 10 14
25309 8 5
45579 10 14
739 0 1 3
17124 10 14
33510 10 27 36 14
24700 10 14
748 0 1 3
749 10 14
61565 10 14
66288 10 14
754 8 5
34259 8 5
41716 10 14
75313 17 19
66295 10 14
762 10 14
86143 10 14
19242 8 9 5 13
66302 16 18
49919 10 14
58112 16 18
58114 10 14
40296 10 14
25349 8 5
8966 8 5
8967 10 14
11052 10 14
33547 10 14
56219 10 14
41741 17 19
58127 10 14
17169 10 14
33554 8 5
69040 10 14
72494 10 14
49942 10 14
26073 10 14
25368 10 14
17177 10 14
794 29 21
19247 0 1 3
41756 8 10 5 14
66333 10 14
41759 10 27 36 14
73405 10 14
8994 10 14
52017 10 14
82731 8 5
19250 20 15
58845 34 5 8 9 13 26
49324 17 19
819 8 9 13 5
58165 10 14
822 9 13
58167 17 19
824 10 27 36 14
79327 10 14
828 7
82749 10 14
17214 20 15
82751 10 14
13792 17 19
17218 10 14
17219 8 5
9029 8 5
42465 20
75043 10 14
49994 10 14
25420 10 14
41805 25 30
37672 10 14
82769 10 14
62947 17 19
9047 10 14
5604 8 5
50010 9 13
24719 10 14
87525 8 10 5 14
62223 10 14
57488 8 5
73990 10 14
41828 20 15
870 8 9 13 5
33642 17 19
9069 8 5
82799 0 1 3
33648 10 14
882 17 19
9075 20 15
54313 20 15
66422 10 14
74615 10 14
58233 8 5
58235 8 5
83501 16 18
74622 10 14
33663 10 14
897 8 5
17283 20 15
28822 20 15
67680 10 14
65225 17 19
33675 20 15
909 10 14
80501 10 14
913 10 14
914 10 14
9109 8 5
920 10 14
82842 10 14
87535 10 14
80909 10 14
66462 8 5
41889 8 5
58274 16 18
33699 10 14
50086 10 14
12444 16 18
41900 17 19
33711 0 1 3
944 11
17330 20 15
947 0 1 3
9140 8 11 5
66485 17 19
60862 10 14
58868 10 14
957 8 5
82878 10 14
9151 17 19
17345 0 1 3 4
68427 20 15
74693 8 5
66502 8 5
968 0 1 3 4
41929 10 14
33738 10 14
972 10 14
973 10 14
58318 10 27 36 14
25551 8 5
82896 17 19
17362 10 14
6935 10 14
17368 8 5
50139 10 14
989 10 14
990 17 19
73893 8 9 5 13
25568 10 14
38395 10 14
996 20 15
74726 10 14
50152 20 15
5628 10 14
9195 10 14
33772 17 19
25581 16 18
51153 17 19
87549 10 14
58353 17 19
85866 10 14
46590 9 13
17398 10 14
41975 10 14
84820 10 14
66556 10 14
28842 10 14
74750 10 14
25599 10 14
27324 20 15
38400 10 14
58370 16 18
74757 10 14
41990 8 5
57516 10 14
33804 17 19
82957 17 19
58383 10 14
35550 20 15
88524 10 14
58883 0 1 3
66581 8 5
66582 8 5
1047 33 12 22
33816 10 14
33587 0 1 3
1051 8 9 5 13
85143 16 18
52058 20 15
58401 8 5
50210 10 14
9253 17 19
33832 10 14
33833 0 1 3
66605 9 13
42030 10 14
9263 10 14
14493 8 5
66609 8 5
33842 8 5
66612 10 14
58421 16 18
82998 10 14
39775 10 14
50238 10 27 36 14
9279 20 15
66625 16 18
17474 8 5
13835 8 5
82102 10 14
74822 10 14
17479 10 14
1097 10 14
25674 0 1 3
25675 10 14
76642 10 14
33870 8 5
42063 8 5
66641 16 18
1108 8 5
50261 20 15
1110 8 5 23
38783 10 14
1113 9 13
17500 10 14
1121 8 9 13 5
9039 8 5
37051 20 15
50276 10 14
17509 10 14
33894 10 14
79377 10 14
74856 8 5
33897 17 19
25706 10 14
9323 9 13
66669 10 14
25711 10 14
88552 10 14
33905 10 14
46996 10 14
33907 10 14
66676 10 14
73918 10 14
9334 10 14
17529 20 15
1146 8 5
58491 17 19
81187 16 18
25727 10 14
1152 8 5
311 10 14
50306 10 14
42115 10 14
9354 10 14
66700 8 5
58510 10 14
33935 10 14
83088 10 14
1169 17 19
1171 10 14
83092 10 14
25753 8 5
35228 16 18
15215 10 14
58524 16 18
58528 16 18
9378 10 14
85279 10 14
82118 8 5
25767 8 5
42507 0 1 3
87330 10 14
25772 9 13
85614 10 14
79965 10 14
83119 10 14
1200 20 15
1201 8 5
58546 10 14
74932 10 14
17950 10 14
82121 10 14
58555 10 14
42173 17 19
9408 8 5
83137 10 14
9410 8 5
74947 8 5
42181 10 14
83145 10 14
42187 10 14
62779 10 14
86221 8 5
86033 17 19
1234 10 14
9431 22
50393 10 14
58586 10 14
25819 17 19
88416 10 14
17629 10 14
50401 10 14
25826 0 1 3
57674 10 14
86225 10 14
1256 10 14
9449 10 14
74986 17 19
83179 10 14
9453 8 5
27517 8 5
5672 13 5
9482 17 19
1268 16 18
19326 20 15
50422 10 14
87593 17 19
1273 17 19
58621 8 5
75006 8 9 5 13
53461 16 18
50432 16 18
7040 8 5
1282 10 14
45270 10 14
83206 10 14
2945 17 19
58632 8 5
75018 8 9 13 5
83211 10 14
58637 20 15
66830 38
9487 7
12591 10 14
1299 10 14
50453 10 14
9495 8 5
50456 20 15
48004 10 14
50460 10 14
25885 9 13
9503 10 14
25888 16 18
75042 16 18
1315 10 14
42276 10 14
75045 10 14
42279 10 14
42280 10 14
1321 8 5
74205 10 14
66860 10 14
34093 10 14
83246 10 27 36 14
28893 20 15
83248 17 19
34097 16 18
42290 8 5
58675 8 5
66868 10 14
1333 8 9 13 5
42295 8 5
66874 10 14
17723 10 14
1341 0 1 3
17973 20 15
66880 10 14
66883 16 18
9540 10 14
9542 10 14
66887 10 14
1352 8 5
1356 10 14
1357 10 14
1358 5 8 9 13 24 28
25936 10 14
78051 10 14
8847 10 14
67129 21 29
25945 9 13
17754 10 14
34141 10 14
1375 16 18
75104 10 14
9569 10 14
1379 20 15
25956 10 14
83301 10 14
35729 10 14
1384 10 14
34153 10 14
25962 8 9 13 5
69863 17 19
66926 8 5
15251 20 15
17781 10 14
9590 17 19
37097 20 15
42360 17 19
84884 10 14
1402 10 14
58747 8 5
83328 10 14
25985 10 14
17794 10 14
83332 10 14
70714 8 5
1414 10 14
1601 25 30
34185 10 14
73795 9 13
50572 10 14
50573 10 14
9614 10 14
44909 16 18
75153 0 1 3
42388 10 14
9622 8 5
1431 10 14
75163 10 14
66973 16 18
83358 10 14
3777 10 14
68789 17 19
34211 10 27 36 14
1447 8 9 13 5
83368 10 14
17835 8 5
83372 8 5
17837 17 19
1454 8 5
17839 8 5
83376 10 14
1608 10 14
26034 10 14
20723 8 5
17844 25 30
56222 8 10 5 14
34231 8 9 5 13
49492 10 14
83387 16 18
83388 10 14
17853 10 14
58815 10 14
34242 20 15
42435 16 18
83917 10 14
43937 8 5
26056 10 14
83404 10 14
83405 10 14
9680 10 14
42450 10 14
26067 8 5
50644 10 14
4762 20 15
26071 10 14
1497 0 1 3
58842 10 14
34267 10 14
1501 0 1 3
58846 8 5
19365 8 5
17889 14
6003 10 14
81612 10 14
42469 10 27 36 14
50662 8 5
50663 17 19
65788 10 14
50666 10 14
58860 9 13
5714 8 5
83440 10 14
2984 8 5
26098 10 14
75252 10 14
58869 10 27 36 14
34294 10 14
67063 9 13
50680 10 14
26105 17 19
26115 8 5
60952 8 10 5 14
75269 10 14
84463 10 14
58888 10 14
41039 10 14
33058 17 19
9741 8 5
75281 10 14
34324 17 19
1557 16 18
9750 8 5
50711 10 14
58905 10 14
39855 20 15
83485 8 5
79444 10 14
58914 8 5
79451 10 14
17957 16 18
50729 10 14
42538 10 14
26155 20 15
67116 10 14
52146 10 14
50734 25 30
83503 10 14
58929 17 19
9778 10 14
50739 17 19
83508 17 19
30302 16 18
42550 17 19
83512 16 18
50745 10 14
42554 10 14
75323 17 19
83518 10 14
11189 10 14
17984 8 5
67137 10 14
42562 8 5
27574 0 1 3
58950 10 14
38497 20 15
9800 10 14
50761 8 10 5 14
84919 10 14
87881 10 14
57338 10 14
1619 10 14
75348 17 19
18005 9 13
50774 8 10 5 14
18010 20 15
75357 10 14
26208 8 5
65522 10 14
1636 8 5
9829 8 9 13 5
20753 10 14
84617 8 5
1641 8 5
18028 10 14
34413 20 15
58990 8 5
21059 10 14
83571 10 14
18036 8 5
18038 8 5
42615 20 15
1657 20 15
67195 10 14
26236 10 14
1661 8 5
86800 25 30
50816 8 5
59013 10 14
83590 8 5
54612 10 14
59023 10 14
26259 10 14
34452 10 14
87772 8 5
26264 20 15
31684 10 14
1693 17 19
67230 8 5
75423 10 14
18081 17 19
1699 10 14
88438 10 14
5745 16 18
9898 10 14
83627 10 14
23516 8 5
59053 10 14
34973 10 14
67249 9 13
34483 10 14
12574 8 5
9910 10 14
48073 10 14
50804 10 14
67258 10 14
75451 10 14
83646 17 19
79477 10 14
22052 10 14
50885 8 5
26310 8 5
26312 8 5
50890 25 30
1741 10 14
9934 10 14
18129 11
75474 10 14
67284 8 5
9941 8 5
1751 10 14
42712 16 18
75481 16 18
83674 10 27 36 14
26331 8 5
26333 16 18
11788 20 15
26335 10 14
50916 16 18
1766 8 5
877 10 14
9961 8 5
83692 0 1 3
86374 8 5
34543 8 5
26352 10 14
9970 10 14
18164 8 5
18166 10 14
83708 8 5
59133 8 5
75518 10 14
42753 10 14
16683 10 14
8262 20 15
9996 8 9 13 5
9998 8 5
34575 10 14
18194 10 14
75539 8 5
50967 10 14
50970 8 5
1819 8 5
26396 20 15
10013 10 14
59167 17 19
1827 10 14
75556 10 14
42790 10 27 36 14
65841 10 14
72237 10 14
7132 0 1 3
34602 20 15
83757 10 14
42800 10 14
83761 10 14
83763 20 15
67380 10 14
26421 10 14
42808 10 27 36 14
65844 17 19
84624 10 14
80863 10 14
75580 8 5
10048 8 5
84897 10 14
10052 8 5
10054 10 14
83783 10 14
26440 10 14
67401 10 14
83787 10 14
75597 0 1 3
34639 20 15
1872 8 5
75601 10 14
42834 10 14
34643 17 19
1879 9 13
88318 10 14
26461 10 14
34655 10 14
22160 8 5
1891 25 30
10084 8 5
39910 8 5
1894 8 5
51047 10 14
1896 10 14
51049 10 14
87899 10 14
1900 10 14
10093 17 19
26479 21 29
34673 10 14
67442 16 18
10099 10 14
83828 8 5
87081 17 19
1910 8 5
42871 10 14
34680 8 5
26260 10 14
10108 10 14
51069 29 21
34686 10 14
1919 10 14
10114 10 14
75652 10 14
26501 17 19
26502 16 18
65857 16 18
64168 10 14
83852 10 14
67469 10 14
18319 8 5
42896 10 14
9880 10 14
83858 8 10 5 14
75669 10 14
59286 9 13
2195 9 34 26 13
18328 0 1 3
10137 10 14
59290 25 30
1947 9 13
231 8 5
79514 8 5
42910 8 5
59297 10 14
1954 10 14
57024 20 15
83877 10 14
67495 10 14
1960 8 5
83882 10 14
60843 10 14
10158 0 1 3
26543 16 18
75697 10 14
1971 10 14
75701 10 14
58441 10 14
24616 17 19
67512 17 19
75705 10 14
34746 17 19
46751 10 14
65866 10 14
83902 10 14
83903 8 5
26364 10 14
10178 17 19
1430 10 14
18379 17 19
26572 8 5
67533 0 1 3
42959 10 14
83920 10 14
2001 10 14
67235 8 5
75734 17 19
59351 10 14
74063 10 14
34781 8 5
51166 17 19
34783 10 27 36 14
86352 10 14
51170 10 14
2021 8 5
75750 17 19
18411 8 5
26606 17 19
2031 8 9 5 13
83953 8 5
83955 10 14
2036 8 10 5 14
10230 9 13
51191 10 14
53588 17 19
23551 16 18
26620 0 1 3
67582 8 5
34815 10 14
88569 16 18
38571 10 14
51204 8 5
43013 10 14
34822 10 14
2056 8 9 13 5
75436 10 14
59402 8 5
10251 20 15
53261 10 14
11266 10 27 36 14
59406 10 14
13997 10 14
10256 8 5
344 10 14
84904 10 14
79534 10 14
84996 10 14
26652 8 10 5 14
59423 10 14
18096 10 14
67619 10 14
43045 17 19
18470 8 5
69470 10 14
34440 20 15
67627 8 10 5 14
10708 10 14
10285 8 5
18478 10 14
4445 12 22
15891 16 18
34865 10 14
88329 10 14
350 10 14
2102 17 19
34986 10 14
59448 10 14
75834 16 18
43067 10 14
59452 17 19
43071 10 14
2113 10 14
65538 17 19
18499 17 19
26692 17 19
26294 10 14
5906 8 5
75850 16 18
34891 10 14
54952 20 15
40988 0 1 3
35853 10 14
34900 10 14
51285 10 14
71 20 15
2140 10 14
18525 10 14
2142 10 14
43104 10 14
2145 10 14
34916 10 14
2149 8 9 5 13
38258 10 14
54972 20 15
75882 10 14
75885 17 19
26738 8 5
34932 17 19
63166 8 10 5 14
59511 20 15
47860 20 15
27668 10 14
69994 10 14
75633 10 14
18560 10 14
84097 10 14
87090 16 18
26756 10 14
18567 20 15
18569 17 19
51340 10 14
10381 10 14
83921 10 14
59536 10 14
10385 17 19
26770 10 14
34963 10 14
10389 16 18
10393 10 14
41327 10 14
59548 29 21
26781 8 5
84126 10 14
54898 20 15
86384 8 5
2210 16 18
59555 17 19
34981 10 14
82289 10 14
75944 8 5
75945 10 14
59562 10 14
34987 8 5
51372 16 18
78194 8 5
80925 8 5
13713 20 15
75953 10 14
43186 17 19
59572 9 13
75961 10 14
10426 10 14
19169 10 14
59583 10 14
84160 10 14
56352 21 29
18626 29 21
51397 10 14
20146 10 14
10441 10 14
86274 10 14
10445 8 10 5 14
43214 10 14
2255 8 5
26832 8 5
84177 10 14
18642 10 14
59603 10 14
62318 10 14
18648 10 14
11300 8 5
75995 10 14
67804 10 14
29050 0 1 3
35038 10 14
43231 20 15
59617 10 14
86395 8 5
35046 20 15
84199 17 19
18664 10 14
72636 10 14
76012 10 14
22226 8 5
67822 10 14
35055 20 15
11304 8 5
35058 20 15
2291 17 19
2293 10 14
51447 8 5
10488 16 18
75476 10 14
70727 10 14
36786 10 14
2304 8 5
67842 10 14
2307 8 5
76036 10 27 36 14
76037 16 18
59654 10 14
2311 10 14
35082 0 1 3
76043 17 19
18700 16 18
35086 8 5
2320 8 9 5 13
35091 20 15
85038 10 14
10518 10 14
26903 10 14
84248 8 5
61999 10 14
18714 10 14
2331 8 5
43292 10 14
67870 10 14
61829 10 14
10529 8 5
67876 10 14
10533 10 14
67879 8 5
59689 10 14
35114 20 15
53639 10 14
10540 10 14
3897 10 14
30429 10 14
76080 17 19
2354 8 5
67891 10 14
5534 8 5
59703 10 14
51513 10 14
35131 10 14
2364 16 18
59713 20 15
10563 8 5
2372 10 14
26949 8 5
10567 11 23
70028 17 19
72890 8 5
2379 10 14
59724 17 19
79847 25 30
2385 8 9 13 5
35156 21 29
87097 10 14
76119 10 14
2392 10 14
18777 10 14
84315 17 19
18780 8 5
39994 20 15
2399 8 9 5 13
84321 9 13
26979 20 15
84326 10 14
74129 8 5
76140 10 14
59758 8 5
43375 8 5
67952 10 14
43377 0 1 3
34451 20 15
30441 8 5
7231 20 15
43389 17 19
59775 10 14
59776 0 1 3
51585 10 14
35202 10 14
87787 38
59780 10 14
18822 8 5
51591 20 15
18827 8 5
76173 10 14
84367 10 14
2448 10 14
55729 20 15
51602 17 19
51604 11
2454 10 14
409 8 5
35224 10 14
18841 10 14
2460 10 14
63465 10 14
84382 10 14
18849 8 10 5 14
10658 17 19
59811 16 18
84388 16 18
2469 10 14
10662 0 1 3
26542 10 14
35243 8 5
65776 10 14
74141 10 14
27058 10 14
51635 10 14
88515 8 5
18869 10 14
10678 10 14
87796 10 14
76225 8 5
51650 20 15
2501 8 9 13 5
35271 10 14
68041 10 14
84646 17 19
86435 8 5
27092 10 14
43477 20 15
43478 10 14
43479 10 14
35288 10 14
46062 20 15
51675 8 5
35293 0 1 3 4
80282 10 14
2527 8 5
59872 10 14
51683 8 5
80659 8 5
85073 16 18
48094 10 14
35305 8 5
76266 17 19
2539 8 9 13 5
10733 17 19
88466 8 5
2543 16 18
84464 10 14
76273 20 15
71422 8 5
2550 20 15
35319 8 5
2553 8 5
87634 10 14
27134 10 14
27135 17 19
2560 17 19
18946 8 5
427 16 18
84484 10 14
10758 10 14
50945 17 19
70736 17 19
428 20 15
59916 10 14
27151 8 5
27152 17 19
76305 17 19
43538 10 14
75523 8 5
76311 10 14
82739 10 14
59932 8 5
59934 10 14
11543 8 5
78256 8 5
59939 10 14
27173 10 14
68134 10 14
10791 10 14
61120 10 14
10793 8 5
71431 10 14
2605 0 1 3
81103 10 14
48909 10 14
27184 10 14
2609 20 15
84530 8 5
35379 21 29
10805 10 14
78921 17 19
10808 10 14
27194 10 14
76347 17 19
27196 10 14
2621 8 9 13 5
43584 10 14
63100 17 19
51778 10 14
55051 17 19
10820 10 14
27205 16 18
2630 10 14
76359 10 14
10824 8 5
86014 10 14
76362 10 14
35403 10 14
59827 10 14
27216 20 15
2641 10 14
2642 8 9 5 13
68180 8 5
51797 10 14
2646 34 5 8 9 13 26
59991 17 19
19032 10 14
68185 10 14
76379 10 14
35420 10 14
84575 17 19
81923 10 14
20547 10 14
84585 8 5
19051 10 14
67346 10 14
68206 10 14
86461 16 18
10866 8 5
84595 8 10 5 14
2676 10 14
76405 10 14
7273 8 5
19066 10 14
84603 17 19
2685 10 14
51839 10 14
73199 10 14
2690 8 5 23
48235 8 5
76421 10 14
53643 20 15
61939 10 14
7276 9 13
51850 10 14
87831 10 14
73741 10 14
43661 10 14
43662 20 15
68240 10 14
27281 10 14
68242 10 14
68243 17 19
2710 20 15
2711 9 13
68249 10 14
71832 17 19
68252 10 14
76445 10 14
9347 10 14
27295 20 15
76449 25 30
8646 8 5
74833 10 14
10919 10 14
79644 10 14
56284 8 10 5 14
68269 10 14
51891 10 14
76468 8 5
27317 8 5
27319 10 14
60088 9 13
2745 8 5
10938 10 14
10015 10 14
51900 10 14
27328 16 18
38688 20 15
51907 10 14
76485 9 13
87841 8 5
2761 10 14
2764 9 13
68302 10 14
78285 10 14
51923 8 5
27348 20 15
8654 16 18
2775 17 19
60120 10 14
51929 10 14
43738 10 14
35548 10 14
76509 10 14
2782 5 8 9 13 24 28
84703 17 19
10977 0 1 3
84708 10 14
51941 10 14
19174 10 14
2791 12
10985 8 5
51946 8 5
84715 10 14
2796 20 15
60141 10 14
76529 10 14
60146 10 14
86838 10 14
10997 9 13
76534 8 5
27383 8 5
60153 10 14
27388 10 14
2813 0 1 3
68351 10 14
84736 17 19
19202 20 15
2820 20 15
60166 10 14
23681 0 1 3
27400 10 14
30100 20 15
11020 8 5
51982 10 14
60175 8 5
19216 8 5
27409 17 19
60178 10 14
35603 10 14
68372 10 14
35607 10 14
88476 17 19
19227 10 14
60188 10 14
20954 16 18
2846 8 5
35615 17 19
76576 10 14
11044 17 19
76581 10 14
87636 10 14
2856 10 14
35153 10 14
43818 10 27 36 14
23687 10 14
35628 10 14
60207 17 19
19249 17 19
60210 10 14
2867 16 18
84788 10 14
27445 10 14
52024 10 14
2874 8 5
19259 10 14
72383 10 14
11070 10 14
83765 10 14
52033 8 5
60227 10 14
2887 17 19
19273 10 14
54107 10 14
2891 8 5
19276 8 9 5 13
68429 17 19
35663 10 14
35664 10 14
83768 20 15
52050 8 5
43859 17 19
15645 10 14
27477 10 14
19286 16 18
84824 17 19
68428 10 14
11407 10 14
2908 10 14
5946 20 15
83300 16 18 20 15
33253 10 14
52066 8 5
82750 10 14
35684 10 14
81041 10 14
27496 10 14
22332 8 5
68459 10 14
84846 10 14
46909 10 14
1734 0 1 3 4
76657 8 5
11122 20 15
52085 10 14
19319 9 13
43896 10 14
60282 10 14
70282 10 14
2941 8 11 5
83842 10 14
11135 10 14
84864 10 14
5952 10 14
27523 17 19
11140 10 14
76677 10 14
1857 10 14
56471 16 18
84876 17 19
43917 10 14
76686 21 29
84880 16 18
43921 16 18
27538 17 19
71491 10 14
2964 10 14
19350 16 18
19353 10 14
11164 10 14
27549 8 5
19361 20 15
52131 10 14
68517 8 5
68520 17 19
60329 10 14
43953 17 19
76722 10 14
19379 10 14
11188 10 14
52149 8 5
52150 10 14
5961 12
35768 10 14
14830 20 15
85151 17 19
76732 38
19389 10 14
43966 10 14
33681 20 15
5963 20 15
76741 8 5
76744 17 19
40143 20 15
76748 17 19
68770 10 14
19407 10 14
19409 10 14
84946 10 14
27603 20 15
35796 10 14
52184 10 14
52185 10 14
35807 0 1 3
22353 20 15
3048 8 5
19433 10 27 36 14
84971 17 19
11245 17 19
60398 10 14
76783 10 14
35825 20 15
57386 16 18
36009 20 15
87892 10 14
82755 10 14
76795 16 18
3069 8 9 13 5
3072 10 14
60418 17 19
11268 10 14
85756 10 14
52230 10 14
19464 20 15
27659 10 14
27661 10 27 36 14
19470 10 14
3089 20 15
60435 10 14
35860 10 14
27669 16 18
27672 8 5
76826 8 5
27675 10 14
27679 16 18
48304 17 19
60450 17 19
44067 17 19
51932 10 14
44150 20 15
44071 10 14
35880 17 19
27689 10 14
85034 17 19
70151 0 1 3 4
68652 10 14
60461 10 14
27694 10 14
75613 10 14
19504 8 5
11313 10 14
76850 9 13
85171 17 19
35893 10 14
60470 10 14
14175 10 14
522 10 14
11327 10 14
44099 10 14
52295 10 14
87395 10 27 36 14
76877 10 14
3150 10 14
78909 10 14
60497 10 14
27731 20 15
11348 0 1 3
3157 8 5
27656 8 5
60506 10 14
57871 20 15
85085 8 5
85088 10 14
35940 10 14
75939 8 10 5 14
27752 10 14
19566 8 10 5 14
43751 10 14
35952 20 15
26293 21 29
21011 9 13
11380 17 19
3925 10 14
27769 8 5
44154 10 14
85118 17 19
60543 10 14
27776 8 5
60608 10 14
3204 10 14
85128 10 14
10092 20 15
76939 9 13
52366 10 14
76943 10 14
85187 10 14
3220 8 5
3221 10 14
537 8 5
34618 20 15
60575 10 14
88489 10 14
76962 10 14
11427 17 19
52389 10 14
52391 10 14
52393 10 14
19627 9 13
36013 10 14
41501 20 15
52400 10 14
36017 10 14
60393 8 5
82462 10 14
85174 10 14
3255 17 19
44216 16 18
36026 17 19
68797 8 5
85182 10 14
11455 20 15
68800 10 14
85185 10 14
85186 10 14
81099 17 19
11460 10 14
76998 10 14
78369 16 18
52425 8 5
10103 10 14
29218 0 1 3
36045 10 27 36 14
52436 8 5
88218 8 10 5 14
60633 10 14
74579 8 5
11483 8 5
52444 8 5
88491 10 14
88362 10 14
77025 10 14
3298 9 13
23569 20 15
60646 10 14
41300 29 21
78375 10 14
77037 10 14
85230 10 14
42877 10 14
68850 8 5
27895 10 14
11512 16 18
11476 10 14
77050 10 14
11515 17 19
36093 10 14
60670 8 9 5 13
3330 17 19
68869 10 14
64727 8 5
44301 10 14
52498 9 13
68884 17 19
27927 0 1 3
60697 8 5
60699 10 27 36 14
77087 10 14
60704 0 1 3
36130 10 14
19675 0 1 3
85284 16 18 20 15
63635 10 14
112 10 14
77101 10 14
77102 8 5
59306 10 14
68912 10 14
52529 10 14
53160 20 15
60724 10 14
11574 10 14
68920 10 14
19772 16 18
3389 10 14
3390 11
36163 17 19
27974 10 14
68833 10 14
19785 16 18
86583 0 1 3
11597 17 19
36174 10 27 36 14
79493 10 14
11602 10 14
68947 10 14
52564 17 19
88495 10 14
68953 10 14
52570 10 14
36121 10 14
8762 17 19
48357 10 14
10128 10 14
82457 10 14
19815 10 14
77160 10 14
68970 17 19
77163 8 5
44396 10 14
573 0 1 3 4
11632 10 14
34485 10 14
85364 10 14
77176 10 14
22420 10 14
46655 10 14
78420 10 14
11646 8 5
1941 17 19
44418 9 13
60803 10 14
36228 20 15
52615 10 14
64748 10 14
52618 10 14
132 10 14
3469 20 15
85229 16 18
66923 8 10 5 14
77201 10 14
53827 8 5
68584 9 13
3478 20 15
3479 0 1 3
21060 8 5
43761 8 5
3485 0 1 3
52638 10 14
57798 20 15
3490 10 14
69027 10 14
17847 8 5
60840 17 19
69034 8 10 5 14
3499 21 29
60845 0 1 3
28078 10 14
3503 8 5
44464 10 14
66120 10 14
52659 20 15
85840 20 15
79774 10 14
19894 10 14
69048 10 14
87680 17 19
69052 8 10 5 14
77246 10 14
77249 17 19
77251 10 14
11717 17 19
66221 10 14
36295 10 14
85449 17 19
60875 10 14
85452 16 18
11725 10 14
60878 10 14
27356 8 5
60881 8
84953 10 14
87095 10 14
60884 10 14
19930 20 15
60891 10 14
52700 10 14
19934 16 18
60895 10 14
44513 17 19
77283 10 14
85478 10 14
77288 8 5
60905 8 5
55207 10 14
21074 10 14
28143 8 9 5 13
78639 10 14
36339 8 5
3572 8 5
11765 10 14
77302 10 14
3575 10 14
19960 10 14
44537 10 14
77308 8 5
3581 10 14
11774 10 14
19968 8 10 5 14
52737 10 14
55211 8 5
44549 10 14
11782 10 14
52743 8 10 5 14
69128 16 18
19977 10 14
19979 10 14
36364 8 5
30357 10 14
30637 10 14
69137 10 14
15619 8 5
87683 10 14
3605 10 14
3606 17 19
85528 17 19
1967 10 14
19996 8 5
60958 10 14
44575 10 14
85537 10 14
86619 10 14
52773 10 14
18397 26 34
52779 10 14
77356 17 19
52783 17 19
60976 10 14
44594 10 14
52788 10 14
36405 8 5
20022 8 5
607 8 5
77372 10 14
85567 10 14
41568 20 15
28227 17 19
52806 8 5
27127 10 14
81164 8 5
36426 10 14
18359 10 14
21090 8 5
87685 10 14
28241 10 14
88222 17 19
56588 20 15
69207 8 5
52824 10 14
44633 10 14
61021 8 5
11863 20 15
20064 10 14
20066 10 14
69220 10 14
86630 10 14
20070 17 19
72977 8 5
85609 17 19
11882 10 14
45671 10 14
33140 8 5
1981 9 13
20081 10 14
62657 10 14
28275 25 30
69236 10 14
77429 10 27 36 14
77431 10 14
49224 8 5
27924 10 14
75711 17 19
13118 10 14
20095 10 14
52864 10 14
69249 8 5
69250 10 14
44676 16 18
3717 20 15
71617 10 14
3720 10 14
28297 10 14
77451 17 19
43615 20 15
52881 20 15
22765 10 14
86638 10 14
11927 10 14
87742 10 14
28994 17 19
77467 10 14
55237 10 14
20129 8 5
11938 0 1 3
19739 10 14
30662 17 19
20134 10 14
86324 10 14
61096 20 15
3753 8 9 5 13
69290 17 19
47047 10 14
74354 10 14
44718 10 14
52911 17 19
87961 10 14
88008 10 14
44722 17 19
69299 10 14
55241 0 1 3
3768 8 5
85690 10 14
21948 10 14
36541 17 19
77323 8 5
85280 17 19
67531 17 19
20164 0 1 3
52935 10 14
69320 0 1 3
38860 10 14
85707 8 5
20172 20 15
85710 10 14
14285 17 19
61136 10 14
3793 10 14
11555 8 5
52948 17 19
3797 10 14
61142 10 14
44759 8 5
68900 10 14
77530 8 5
87806 10 14
61153 8 5
69349 10 14
61158 10 14
30673 10 14
32768 10 14
66172 20 15
70730 16 18
44780 0 1 3
86715 17 19
52975 10 14
52977 0 1 3
3827 10 14
81805 8 5
77561 8 10 5 14
20219 10 14
44796 8 5
81144 17 19
44800 10 14
69377 17 19
28419 10 14
44804 10 14
12037 17 19
85766 8 5
53889 10 14
20233 10 14
85772 10 14
28431 17 19
77584 10 14
36625 16 18
35590 10 14
44819 17 19
50869 20 15
77595 10 14
36637 20 15
61214 10 14
3872 0 1 3
83285 8 5
85795 10 14
77605 10 14
20262 10 14
44337 10 14
50321 10 14
85801 10 14
69418 10 14
44845 10 14
28462 8 5
6109 10 14
20275 10 14
53045 17 19
12086 8 5
53047 10 14
3896 10 14
77625 10 14
12091 8 5
4746 16 18
12099 8 9 5 13
3910 8 5
36680 0 1 3
61257 10 14
20539 10 14
69453 16 18
20302 10 14
85839 10 14
3920 10 14
52536 10 14
66190 10 14
30955 10 14
77656 10 14
69466 0 1 3
12123 17 19
36700 8 5
36702 10 14
85239 10 14
61284 10 14
83942 10 14
12137 20 15
6678 10 14
77675 16 18
3948 17 19
53101 10 14
77678 7
60733 17 19
3952 10 14
28529 10 14
20338 16 18
20341 10 14
3958 17 19
14313 8 5
20344 17 19
44923 10 14
77694 10 14
36735 10 14
61313 8 5
28546 10 14
10219 10 14
79239 10 14
70294 10 14
53126 16 18
3977 8 5
85900 8 10 5 14
36750 8 5
12175 8 5
85905 16 18
64835 10 14
20372 12
85914 10 14
3995 10 14
20381 10 14
77726 10 14
15685 10 14
88048 16 18
69538 10 14
82587 10 14
4006 8 9 13 5
36775 10 14
87295 10 14
8860 7
69546 8 5
56647 17 19
44974 10 14
2043 10 14
12208 8 5
4018 8 5
4019 8 5
28598 20 15
20407 10 14
59380 10 14
36795 20 15
80332 8 5
36798 10 14
4032 10 14
17056 10 14
61379 10 14
69572 20 15
86689 10 14
69576 10 14
85961 10 14
6135 16 18
85325 10 14
12241 16 18
26825 10 14
61396 10 14
77134 10 14
53207 17 19
69592 10 14
77785 0 1 3 4
12251 10 14
83225 10 14
85328 16 18
77794 10 14
12259 10 14
69604 8 5
61414 10 14
28647 16 18
53224 10 14
18428 16 8 18 5
53226 10 14
61419 10 14
4076 10 14
61424 10 14
85331 9 13
55294 9 13
86008 17 19
61433 10 14
86011 16 18
61437 10 14
24741 10 14
45055 10 14
4097 10 14
4100 17 19
4102 10 14
36871 16 18
61449 17 19
77334 16 18
48471 16 18
28685 10
20495 10 14
69649 8 5
3235 12
4115 10 14
28693 17 19
28694 16 18
56665 16 18
45080 10 14
12314 10 14
53275 10 14
9139 16 18
51205 10 14
20512 10 14
12323 17 19
84700 10 14
2047 10 14
28712 10 14
4137 10 14
86058 17 19
12331 10 14
4140 25 30
87590 10 14
22941 17 19
45104 8 5
36918 8 10 5 14
12346 10 14
61499 10 14
44218 20 15
12352 10 14
77890 10 14
69699 10 14
4165 8 9 13 5
77153 8 5
53320 10 14
4169 10 14
63697 20 15
39013 10 14
36941 8 5
86094 16 18
20559 10 14
69713 10 14
67789 10 14
53332 8 5
12379 16 18
61533 17 19
53342 17 19
12383 10 14
83984 10 14
88521 10 14
70331 10 14
86116 16 18
36966 20 15
4199 10 14
86121 10 14
77931 10 14
4205 9 13
77934 11
4209 8 5
4210 8 5
88083 10 14
77942 8 5
12408 8 10 5 14
86138 10 14
36989 10 14
86142 10 14
12415 8 5
66240 29 21
86063 10 14
19819 10 14
12421 10 14
4230 10 14
4231 10 14
68972 8 5
86154 10 14
88087 17 19
20620 8 5
86158 8 5
61588 16 18
40302 10 14
77974 8 5
28824 8 5
37017 16 18
28826 0 1 3
37019 10 14
4252 17 19
37021 10 14
61598 10 14
86176 10 14
45217 17 19
53410 10 14
77987 10 14
77989 17 19
4264 8 5
4266 8 5
4267 20 15
28844 10 14
69811 16 18
4276 9 13
12469 10 14
53430 0 1 3
61623 10 14
86201 8 5
38332 10 14
78012 17 19
66250 8 5
53438 8 5
20671 17 19
53442 10 14
69827 16 18
12484 10 14
4293 8 5
4295 8 9 5 13
20680 20 15
53451 8 5
53452 20 15
61645 10 14
20688 8 5
69841 8 5
4306 10 14
61651 10 14
78036 10 14
69845 10 14
61654 10 14
37079 10 14
12504 10 14
12506 8 5
37083 10 14
20701 10 14
38949 10 14
28897 20 15
53474 10 14
20707 8 5
37093 17 19
29393 10 14
28904 17 19
15740 8 10 5 14
4331 17 19
86256 16 18
14329 20 15
4340 8 5
85374 20 15
28918 10 14
12535 9 13
86266 17 19
4348 8 10 5 14
12603 20
2327 8 5
45314 8 9 5 13
75819 10 14
20744 20 15
37132 25 30
78094 17 19
4369 8 9 5 13
78098 17 19
20755 34 26
45332 10 14
45334 29 21
4377 8 9 13 5
14383 10 14
4380 8 9 13 5
28958 10 14
37151 38
12576 16 18
4385 17 19
12578 10 14
4387 17 19
86308 17 19
86310 10 14
4391 17 19
45354 10 14
4395 10 14
84436 8 5
4397 10 14
37167 8 5
80890 16 18
20786 10 14
37171 10 14
18851 20 15
62341 10 14
22580 10 14
61754 10 14
20795 17 19
61758 10 14
12608 10 14
45156 10 14
4418 17 19
53572 8 5
79926 10 14
12614 10 14
69959 10 14
86345 8 5
12618 16 18
69963 17 19
78157 8 5
69966 20 15
29007 10 14
59614 20 15
86354 9 13
49891 10 14
4436 8 5
53589 8 5
86361 16 18
69981 10 14
20830 8 5
12640 8 5
4450 10 14
86371 10 14
88474 10 14
12646 8 9 13 5
19857 10 14
78164 10 14
53610 10 14
45422 10 14
37231 20 15
61808 12 22
35883 10 14
12658 10 14
44885 20 15
4473 10 14
12666 10 14
53627 10 14
4476 0 1 3 4
61821 10 14
45438 17 19
34400 21 29
45441 20 15
86894 17 19
45446 0 1 3
78215 8 10 5 14
20873 10 14
70026 10 14
36247 10 14
4492 9 13
53645 10 14
12687 8 9 13 5
86416 10 14
29074 16 18
86419 10 27 36 14
37268 17 19
86421 10 27 36 14
12694 10 14
70041 10 14
86426 10 14
12699 8 5
29091 10 14
20901 10 14
29094 10 14
59878 8 10 5 14
45488 10 14
4529 10 14
61874 10 14
4531 10 27 36 14
70068 10 14
29110 8 10 5 14
45495 10 14
45496 10 14
66292 16 18
37307 10 14
53692 20 15
34890 20 15
12734 10 14
53695 8 10 5 14
20928 17 19
61892 16 18
37622 16 18
37319 10 14
61897 8 9 5 13
759 10 14
12749 16 18
61904 17 19
37330 10 14
53715 10 14
4565 8 5
86487 10 14
61912 38
45529 8 5
70106 10 14
10245 10 14
56741 10 14
53072 10 14
45819 8 5
86502 8 5
61927 10 27 36 14
45544 17 19
29436 10 14
58460 20 15
86611 8 5
83897 10 14
61938 10 14
20979 10 14
86516 16 18
86517 10 14
37366 10 14
4599 10 14
86520 8 5
33535 8 5
37373 16 18
59477 8 5
85419 16 18
87171 10 14
61959 17 19
12809 10 14
4618 10 14
21003 10 14
770 16 18
78355 8 10 5 14
37397 10 14
78359 10 14
61978 8 5
81327 10 14
4638 8 5
12833 8 5
21026 10 14
4646 8 5
53799 8 5
37416 8 5
45609 10 14
86570 0 1 3
78379 10 14
78381 10 14
29230 20 15
43101 8 5
12854 8 5
37431 10 14
45626 10 14
23069 8 5
62014 16 18
4671 22
37440 8 10 5 14
45633 25 30
70211 10 14
12868 10 14
86598 17 19
79969 8 5
37453 10 14
78415 8 5
46529 10 14
12883 8 5
70228 10 14
29270 10 14
78423 10 14
21080 17 19
88265 7
33551 10 14
5612 20 15
70238 17 19
86623 10 27 36 14
62048 10 14
70416 10 14
79809 10 14
12900 17 19
66917 20 15
12902 8 5
4711 10 14
48712 17 19
28092 10 14
86634 17 19
78445 8 5
78446 17 19
70255 10 14
78449 10 14
12915 20 15
70535 8 5
70261 9 13
86647 10 14
45688 10 14
4729 20 15
686 10 14
78462 10 14
52259 10 14
62083 17 19
22516 20 15
53897 11
78474 10 14
45707 10 14
86670 17 19
18541 8 5
45712 10 14
29329 17 19
85443 16 18
37524 10 14
78486 10 14
12951 20 15
24004 10 14
12954 10
88175 17 19
45724 10 14
53920 8 10 5 14
21153 8 5
86690 10 14
28102 8 5
14529 20 15
12972 8 5
78509 10 14
12977 17 19
71901 8 10 5 14
12979 10 14
62133 10 14
4790 10 14
12984 17 19
78521 10 14
12986 8 5
58143 8 5
37564 10 14
12990 20 15
4801 8 10 5 14
78530 10 14
82721 17 19
4817 8 9 5 13
86738 10 14
86740 0 1 3
28110 10 14
37595 10 14
4828 10 14
88186 10 14
4830 10 14
21215 16 18
88187 17 19
70376 10 14
86761 10 14
62187 10 14
4846 10 14
4849 10 14
21235 10 14
78582 8 5
86775 10 14
86777 12
37626 10 14
4859 8 5
62204 10 14
45822 10 14
78591 10 14
29442 17 19
70404 10 14
44080 10 14
45834 8 5
86795 17 19
37644 10 27 36 14
86798 10 14
45839 10 14
33169 8 5
86804 20 15
19618 10 14
21274 10 14
37659 10 14
13084 8 5
88197 10 14
4896 20 15
4897 9 13
78626 20 15
54051 10 14
70436 8 5
45862 20 15
13096 17 19
21292 8 5
13101 17 19
70447 10 14
86833 0 1 3
45874 16 18
13107 10 14
21302 8 5
37687 10 27 36 14
79630 20 15
13113 8 9 13 5
29498 20 15
4926 10 14
86849 8 5
37698 10 14
86851 17 19
9014 8 5
60897 10 14
29516 8 10 5 14
70477 10 14
45902 10 14
54095 8 5
17208 8 5
21330 10 14
4948 10 14
70457 8 5
70489 10 14
78682 10 14
13147 10 14
37724 10 14
54111 10 14
70496 10 14
13153 10 14
21346 10 14
25403 20 15
83091 10 14
62309 8 5
54118 10 14
4967 10 14
62312 10 14
45931 10 14
29548 20 15
21357 8 5
66646 10 14
4978 10 14
78707 17 19
37748 16 18
58174 10 14
4982 10 14
81385 38
29562 10 14
78720 10 14
32900 10 14
29571 8 5
29572 10 14
4370 10 14
74561 8 10 5 14
8077 10 14
5001 10 14
37770 8 5
88442 10 14
54156 10 14
21391 10 14
81183 10 14
88216 10 14
70546 10 14
5011 10 14
86933 10 14
21399 20 15
54169 8 5
81391 10 14
21404 8 5
56633 8 5
37790 10 14
41797 10 14
62368 8 5
86945 8 5
37794 10 14
5027 10 14
77146 20 15
48177 5
78758 16 18
86951 10 14
21418 10 14
29611 0 1 3
21421 11
45999 8 5
5042 8 5
33149 20 15
13237 8 5
78774 17 19
25417 8 5
70584 10 14
19956 10 14
46010 20 15
88223 9 13
62396 20 15
33610 17 19
5056 10 14
29633 17 19
21442 8 5
29636 10 14
36342 17 19
54214 0 1 3
54216 10 14
88550 10 14
5068 20 15
62413 8 5
21454 10 14
86321 8 5
70609 10 14
54226 10 14
37843 10 14
78804 8 10 5 14
86998 10 14
5079 10 14
78811 9 13
57999 10 14
54239 17 19
54241 8 5
87010 9 13
48635 17 19
80038 10 14
21479 8 5
54249 10 14
13291 10 14
5100 8 5
87022 10 14
54255 10 14
82771 10 14
70644 10 14
5111 8 9 5 13
88572 10 14
54265 10 14
78843 10 14
21500 17 19
21501 10 14
21502 10 14
21504 10 14
3584 10 14
87042 10 14
54275 8 5
5125 10 14
37894 8 5
37897 10 14
54282 8 5
1807 8 5
37900 20 15
37901 8 5
62479 16 18
29712 8 5
70673 8 5
87058 10 14
85507 10 14
78868 10 14
5142 16 18
78873 10 14
70682 10 14
70684 16 18
4954 10 14
29726 29 21
21539 8 5
40454 17 19
49818 10 14
84145 10 14
46120 8 10 5 14
70697 17 19
62073 8 5
62508 10 14
21549 8 5
46128 8 5
29746 10 14
54323 17 19
78903 10 14
78904 16 18
43188 10 14
13370 10 14
4959 8 5
13373 16 18
21566 10 14
87103 10 14
78912 17 19
74592 10 14
13379 10 14
4961 10 14
5192 10 14
29769 8 5
37962 10 14
75188 29 21
21580 10 14
13392 8 10 5 14
78930 8 10 5 14
29780 10 14
62549 10 14
21723 20 15
84153 10 14
5211 16 18
87132 8 5
54365 10 14
76007 8 10 5 14
62562 10 14
87141 10 14
5222 8 5
78952 17 19
66460 10 14
5227 8 5
87149 10 14
21614 10 14
70767 10 14
54385 10 14
38002 17 19
70771 10 14
9176 20 15
5237 17 19
54390 10 14
5239 10 14
62585 8 5
46565 8 5
77051 10 14
70784 10 14
5251 0 1 3
54405 10 14
80065 10 14
85283 16 18
55277 10 14
77918 8 9 13 5
5261 10 14
29839 16 18
26635 8 5
38033 0 1 3
15451 20 15
5267 35 31
13461 10 14
46230 10 14
29847 10 14
5274 10 14
54428 20 15
38045 10 14
46241 10 14
70819 16 18
5286 8 5
13479 8 5
74100 10 14
70826 10 14
18998 20 15
38060 10 14
66418 10 14
38062 10 14
54449 10 14
5299 8 5
20635 20 15
19998 21 29
67785 10 14
29881 10 14
46266 10 14
38077 10 14
87231 10 14
13504 10 14
29889 8 5
54466 10 14
54467 10 14
70853 10 14
38086 21 29
13513 10 14
13514 0 1 3
79053 17 19
38094 10 14
13519 20 15
46289 10 14
13522 9 13
5331 10 14
5332 8 5
79065 10 14
70874 10 14
88271 8 5
21724 17 19
38109 17 19
5342 10 14
62687 11
79073 11
87266 17 19
66427 10 14
70884 10 14
70885 8 10 5 14
70886 20 15
14545 10 27 36 14
46313 10 14
5358 17 19
54512 10 14
87281 10 14
54515 10 14
29941 10 14
79096 10 14
5369 8 9 5 13
82815 10 14
44743 10 14
87293 8 10 5 14
87294 10 14
79103 8 5
13569 17 19
38146 10 14
11819 0 1 3
70916 10 14
79109 10 14
58241 10 14
5385 8 5
47319 17 19
39128 10 14
84742 10 14
13187 10 14
70933 8 5
5400 8 9 5 13
5401 8 5
20167 10 14
54555 10 14
38173 0 1 3
21790 8 5
5407 10 14
62754 16 18
29987 20 15
79140 9 13
38187 10 14
46381 17 19
79150 10 14
21807 10 14
84743 10 14
38194 8 5
21811 10 14
5428 16 18
84190 16 18
30006 10 14
46391 8 5
13626 34 5 8 9 13 26
5435 9 13
38204 16 18
5438 8 5
87361 10 14
5442 8 5
74635 10 14
79173 10 14
18657 0 1 3 4
70985 10 14
5454 17 19
54608 10 14
58557 8 5
38226 10 14
87379 10 14
5460 10 14
21845 8 5
18578 10 14
30041 17 19
54159 10 14
54621 10 14
38238 10 14
30047 10 14
21856 20 15
5008 10 14
46434 10 14
30051 10 14
21861 10 14
38247 17 19
30056 10 14
87402 17 19
79211 8 10 5 14
87404 17 19
62829 8 5
5486 8 5
38255 10 14
87410 10 14
30067 20 15
38261 8 5
62838 20 15
30074 8 9 5 13
84162 17 19
39146 0 1 3
49284 10 14
38275 17 19
88279 10 14
71047 10 14
21896 8 5
87435 17 19
79245 8 5
8220 8 10 5 14
54672 10 14
41880 10 14
62867 10 14
38292 10 14
56377 20 15
62870 16 18
54679 8 5
30104 10 14
5530 8 5
58266 10 14
46494 16 18
81477 10 14
30113 10 14
79266 10 14
13731 17 19
46501 10 14
62886 10 14
71921 10 14
86940 17 19
88045 10 14
46507 17 19
5550 9 13
5553 10 14
54707 20 15
82846 10 14
7753 10 14
38331 10 14
71100 25 30
13758 10 14
53105 20 15
38337 10 14
81483 10 14
80929 29 21
46534 17 19
71112 10 14
54733 20 15
54734 10 14
5583 8 5
54736 0 1 3
5585 17 19
46546 20 15
62932 10 14
87510 17 19
54743 10 14
87512 10 14
5594 10 14
5595 10 14
30173 0 1 3
13790 8 5
5599 33 12
46560 10 14
13793 17 19
38371 10 14
54756 17 19
934 16 18
13798 10 14
5609 10 14
62956 9 13
13807 8 9 5 13
71154 10 14
79348 25 30
22005 17 19
38391 0 1 3
79352 10 14
87546 10 14
13819 12 22
54780 10 14
37802 8 5
54782 10 14
5632 8 5
84750 10 14
71171 17 19
5637 8 5
87559 10 14
940 8 5
5643 10 14
22028 10 27 36 14
87565 10 14
62993 8 5
46613 9 13
87574 10 14
54807 10 14
71192 10 27 36 14
71196 10 14
46622 8 5
47107 20 15
71201 10 27 36 14
22050 17 19
40539 10 14
30244 10 14
87589 10 14
38438 10 14
8712 10 14
63016 17 19
46633 10 14
83933 10 14
41379 20 15
71214 10 14
63025 10 14
46643 16 18
61577 10 14
87607 10 14
86964 10 14
85309 16 18
78773 16 18
5697 8 5
87618 10 14
39179 25 30
54853 8 5
54855 8 5
87626 10 14
63051 10 14
87630 8 5
63055 8 5
86968 8 5
63058 10 14
54868 10 14
63061 10 14
22102 10 14
5720 8 5
63065 8 10 5 14
5723 10 14
22108 20 15
50928 8 5
5726 10 14
5728 29 21
13921 24 9 28 13
38498 16 18
46011 10 14
87653 16 18
30311 16 18
87658 10 14
79468 10 14
63085 10 14
86455 10 14
82877 8 5
13936 20 15
30321 16 18
30470 10 14
87668 10 14
30325 10 14
87672 10 14
38521 10 14
54906 16 18
87675 10 14
30332 17 19
79486 10 14
30336 10 14
85027 10 14
30338 17 19
61035 8 5
5764 10 14
22149 17 19
54918 16 18
38535 20 15
30347 10 14
87692 10 14
87693 10 14
83118 10 14
54928 10 14
82027 10 14
5781 8 5
38550 10 14
71961 10 14
62404 10 14
5786 8 34 26 5
85615 10 14
79518 16 18
22175 10 14
58841 8 5
38563 10 14
87718 10 14
11889 10 14
15196 8 5
38569 20 15
30379 10 14
22189 10 14
5806 17 19
13999 10 14
63153 10 14
30389 8 5
22198 8 5
87737 10 14
63162 20 15
18719 10 14
5820 8 5
5822 17 19
46783 17 19
79554 10 14
14020 8 5
71969 0 1 3
71289 10 14
14027 10 14
14028 10 14
30414 8 10 5 14
71378 0 1 3
87764 10 14
86990 17 19
46807 10 14
55001 8 5
22236 10 14
63197 10 14
38625 10 14
5858 8 5
79587 10 14
62935 8 5
5863 34 5 8 9 13 26
22248 10 14
55017 10 14
46827 17 19
87788 10 14
35657 9 13
79601 10 14
86995 10 14
55028 10 14
71414 8 5
46844 16 18
79613 10 14
5886 10 14
5890 10 14
52843 10 14
38662 20 15
46855 10 14
71434 10 14
54231 25 30
87822 10 14
88365 10 14
22288 8 5
46865 17 19
14098 8 5
63251 10 14
87828 17 19
14101 0 1 3
14103 8 5
30489 10 14
79642 8 5
10543 10 14
30492 10 14
14109 10 14
30494 17 19
87839 10 27 36 14
55072 8 5
26928 10 14
87003 8 5
30501 8 5
80177 17 19
63272 0 1 3
87588 8 5
55084 10 14
14642 20 15
69757 10 14
87856 10 14
63282 29 21
22323 20 15
71476 10 14
55095 10 14
46298 10 14
63289 10 14
79674 8 5
46047 10 14
30524 9 13
38717 8 5
63295 10 14
55104 10 14
79681 10 14
69259 9 13
2358 8 9 5 13
87878 10 14
87009 10 14
22345 0 1 3
38731 10 14
38737 8 5
79698 10 27 36 14
30547 10 14
22356 10 14
87894 17 19
5975 10 14
87896 9 13
55130 8 5
38747 10 14
87900 10 14
87901 17 19
87903 8 5
5985 16 18
59707 10 14
26940 10 14
37863 10 14
55148 10 14
87917 10 14
30576 10 14
79729 10 14
38770 10 14
63347 10 14
30587 10 14
87932 10 14
7829 10 14
46976 10 14
79746 10 14
82923 17 19
63364 17 19
87943 10 14
84763 10 14
17388 10 14
14219 10 14
55181 10 14
6031 10 14
31043 8 5
71572 0 1 3
6037 17 19
79766 10 14
36481 10 14
22425 8 5
6042 10 14
14235 8 5
71581 10 14
47006 10 14
79775 8 5
71585 10 14
6055 8 5
71593 10 14
6059 8 9 13 5
22445 16 18
23227 10 14
55219 20 15
22452 10 14
88393 16 18
47032 16 18
14265 20 15
60487 16 18
87995 17 19
14273 0 1 3
14274 10 14
47043 10 14
14276 8 5
63429 10 14
38854 10 14
30663 17 19
30664 17 19
2380 8 5
63435 10 14
88012 10 14
28322 8 9 13 5
38864 10 14
14289 10 14
22482 10 14
44707 10 14
76110 10 14
88022 16 18
88039 10 14
79832 17 19
6108 24 9 28 13
14301 9 13
38879 20 15
47074 8 5
88035 8 5
71652 10 14
30694 10 14
71655 10 14
5116 8 5
28137 20 15
22508 17 19
79853 10
88046 10 14
1021 8 5
71664 17 19
79857 17 19
88050 17 19
47092 10 14
71669 10 14
55286 10 14
30711 17 19
71672 10 14
43348 10 14
1023 8 5
57002 10 14
6142 16 18
55295 8 5
88064 17 19
78848 10 14
88066 10 14
85675 10 14
88068 10 14
57017 10 14
63497 10 14
55309 10 14
35160 10 14
30738 8 5
30739 10 14
45905 20 15
83239 8 5
19572 17 19
77487 10 14
79900 17 19
62469 8 5
82313 10 14
6177 10 14
6181 8 5
22568 16 18
22569 10
88106 10 14
6187 8 5
79916 10 14
30765 10 14
47150 10 14
22575 16 18
47152 17 19
79922 17 19
47156 20 15
47158 10 14
63544 10 14
79930 10 14
39263 16 18
47165 8 5
88128 10 14
14401 8 5
87051 10 14
14406 8 5
14407 8 5
71753 10 14
47178 10 14
47179 17 19
88140 10 14
47181 10 14
71759 10 14
50538 10 27 36 14
14419 9 13
63573 16 18
65209 21 29
14424 8 9 13 5
88154 16 18
30813 10 14
22623 17 19
6241 10 14
88164 10 14
63589 16 18
22630 8 5
79976 8 5
55401 10 14
71786 10 14
6255 8 5
6258 8 5
25301 10 14
6260 20 15
6261 10 14
31081 17 19
63608 17 19
39034 10 14
30843 29 21
80001 10 27 36 14
31083 8 5
30852 17 19
22661 8 5
63622 8 9 13 5
65217 10 14
50199 8 5
6286 10 14
30863 8 5
82019 10 14
9240 10 14
80018 17 19
88211 10 14
88213 0 1 3
80024 10 14
88217 10 14
33489 10 14
81155 10 14
39069 17 19
63646 10 14
30879 10 14
55458 10 14
88228 10 14
38945 8 5
63654 10 14
71848 8 5
55467 10 14
80045 10 14
63662 10 14
61543 10 14
88241 8 5
6323 8 9 5 13
88244 16 18
6326 0 1 3
47287 16 18
80058 10 14
14525 10 14
63678 10 14
71873 10 14
22723 17 19
14533 8 5
87441 17 19
63687 16 18
14537 10 14
47307 8 5
80078 0 1 3
22735 25 30
80248 10 14
71890 8 5
63699 8 5
71893 8 5
22743 8 5
63704 10 14
47321 8 5
1030 10 14
6365 16 18
71904 8 5
30947 10 14
87078 20 15
14566 10 14
14569 10 14
6378 8 5
14571 17 19
47341 8 5
88302 10 14
6383 0 1 3
42024 17 19
55538 17 19
79865 10 14
83752 10 14
1065 8 5
39160 17 19
30969 21 29
22778 8 5
39166 10 14
88448 10 14
47362 20 15
37857 20 15
88324 16 18
20182 17 19
47367 10 14
14600 10 14
14601 11
22794 10 14
22795 10 14
88332 10 14
63758 10 14
82321 16 18
63764 17 19
88341 8 5
88342 10 14
80151 17 19
61317 8 5
39193 0 1 3
88346 8 5
88347 10 14
6428 10 14
88349 10 14
34039 10 14
6432 10 14
5168 10 14
31010 10 14
7852 17 19
31012 20 15
71974 8 5
80167 10 14
39210 17 19
88363 16 18
71981 10 14
55598 16 18
14641 8 5
63794 10 14
88373 10 14
39223 17 19
79913 10 14
88377 8 5
55610 10 14
45224 17 19
6462 8 5
88383 16 18
16096 0 1 3
22851 10 14
6471 8 5
22924 17 19
6474 16 18
88395 10 14
88396 10 14
55629 8 5
72014 10 14
22863 10 14
22311 16 18
86349 27 36
88404 8 5
31061 10 14
39254 17 19
6487 10 14
31064 10 14
55642 10 14
39259 10 14
63836 17 19
63837 10 14
22878 10 14
52965 10 14
63840 10 14
80225 10 14
71958 10 14
55652 8 5
88421 17 19
88422 10 14
80231 10 14
72041 10 14
47467 8 5
76178 10 14
14703 8 5
22931 20 15
88437 17 19
14710 17 19
14711 10 14
39288 10 14
63866 10 14
63867 10 14
72062 10 14
86480 10 14
88450 9 26 34 13
20676 10 14
39301 8 17 19 5
57227 8 5
88455 17 19
31112 17 19
88457 17 19
6539 17 19
6540 10 14
22925 17 19
1036 10 14
80274 20 15
62531 10 14
76185 17 19
14744 10 14
55706 10 14
14748 10 14
14749 10 14
6558 8 5
22943 10 14
88481 10 14
52047 10 14
45216 20 15
88485 10 14
6566 10 14
6567 10 14
88488 10 14
22953 8 5
88490 10 14
50247 10 14
88492 8 5
88494 10 14
6557 10 14
13384 10 14
6579 8 5
6580 20 15
88501 17 19
6583 10 14
88505 8 5
88509 8 5
88510 8 5
88513 10 14
39362 10 14
39363 10 14
47557 17 19
39367 10 14
14792 10 14
16041 17 19
63946 10 14
88523 10 14
63948 10 14
55714 10 14
72145 10 14
6610 17 19
39379 10 14
88532 8 5
88534 10 14
72151 10 14
47576 17 19
76196 10 14
14810 10 14
55645 10 14
23004 10 14
6623 10 14
63969 17 19
88547 10 14
88548 10 14
88549 10 14
42246 11
25681 10 14
47592 17 19
14825 10 14
88554 10 14
14759 8 5
14828 10 14
87122 17 19
58309 10 14
88559 10 14
88560 8 10 5 14
31217 20 15
88562 8 5
72179 17 19
14837 17 19
88566 10 14
14839 10 14
88568 10 14
47609 10 14
63994 16 18
14843 8 5
23036 8 5
14848 10 14
32512 10 14
68011 17 19
80388 17 19
64005 8 5
64007 17 19
72202 10 14
64014 10 14
59565 10 14
72210 8 5
61187 20 15
39444 17 19
72214 8 5
6680 10 14
55833 10 14
39451 10 14
14877 17 19
47648 10 14
14881 17 19
6692 17 19
6694 10 14
55847 10 14
43868 10 14
64041 10 14
14891 8 5
14893 10 14
31278 17 19
88059 8 5
64050 17 19
47667 16 18
80436 10 14
31866 10 14
6711 10 14
84061 17 19
87241 10 14
72251 10 14
55868 10 14
47677 10 14
55871 10 14
14912 10 14
64066 10 14
72259 16 18
2406 20 15
23110 8 5
58465 10 14
64072 17 19
77168 10 14
80422 17 19
39500 9 13
31309 10 14
23118 10 14
47695 8 5
6736 10 14
6738 9 13
64679 10 14
48910 8 5
39512 10 14
14937 20 15
31322 10 14
80475 10 14
83696 8 5
47712 10 14
64025 8 5
81787 10 14
39532 10 14
47725 20 15
6766 17 19
6771 8 9 13 5
72309 17 19
9500 10 14
72313 10 14
6778 10 14
73493 10 14
23168 10 14
13419 8 5
80516 17 19
80518 10 14
61602 10 14
14984 10 14
55950 16 18
62573 10 14
12102 10 14
22342 20 15
31378 10 14
37052 10 14
23189 8 5
14684 20 15
31385 0 1 3
37325 8 5
6813 10 14
15008 10 14
6820 10 14
47784 10 14
47785 10 14
64172 10 14
6829 8 9 13 5
1864 0 1 3
88520 10 14
81694 10 14
31415 17 19
39609 10 14
1046 8 5
55995 8 5
14958 20 15
31422 16 18
15039 17 19
47808 17 19
85792 8 5
12776 20 15
82699 10 14
7969 20 15
56008 20 15
6857 16 18
72396 10 14
72400 17 19
39641 10 14
31450 8 5
51663 10 14
39644 9 13
56029 8 5
80606 10 14
64223 8 10 5 14
17531 8 5
88065 10 27 36 14
56037 10 14
72422 17 19
47569 10 14
72424 8 5
56041 10 14
23274 10 14
16869 10 14
88530 10 14
68425 10 14
84792 10 14
32145 20 15
72433 8 5
88531 8 5
15092 10 14
47861 17 19
56056 10 14
23289 17 19
64254 10 14
64256 16 18
19802 20 15
41693 10 14
59862 16 18
47881 8 5
72458 10 14
6925 10 14
64270 10 14
23312 8 9 5 13
88536 10 14
1155 5 8 9 13 24 28
20270 10 14
6934 33 12 22
33783 10 14
31514 8 5
23323 10 14
39711 17 19
56096 10 14
15137 10 14
59867 17 19
84521 10 14
88340 10 14
15146 10 14
64300 10 14
39725 10 14
2141 10 14
15155 10 14
64308 10 14
81993 20 15
59871 10 14
69769 9 13
85813 10 14
23360 10 14
72513 16 18
15176 10 14
85815 10 14
15183 8 5
80720 16 18
44856 16 18
80723 10 14
15188 17 19
56151 10 14
36513 10 14
56154 10 14
56156 8 5
81722 8 5
70611 10 14
56159 10 14
15200 10 14
23394 10 14
15205 10 14
80977 17 19
23399 20 15
80744 8 5
23402 10 14
39399 10 14
56172 10 14
39791 10 14
31208 10 14
7026 0 1 3
29843 8 5
31604 17 19
56183 20 15
84251 10 14
72572 20 15
7038 8 5
87189 10 14
72576 16 18
39812 17 19
7045 16 18
6636 10 14
83845 17 19
21655 10 14
80781 17 19
15246 8 5
63981 10 14
56208 10 14
64401 8 5
40771 8 5
48021 10 14
56214 10 14
74905 10 14
48024 10 14
75013 17 19
49336 10 14
64320 10 14
64414 8 5
64415 20 15
11965 10 14
7075 10 14
36678 10 14
68704 10 14
72618 10 14
64427 8 5
23469 9 13
7086 9 13
7087 7
7089 8 5
80371 8 5
72629 10 14
32585 17 19
31675 8 5
39868 8 5
87190 10 14
33952 8 5
39273 10 14
7108 8 5
84470 10 14
23494 8 5
5281 10 14
13603 10 14
7115 8 5
10057 8 5
50348 10 14
64467 10 14
31701 17 19
10745 10 14
16757 17 19
15324 0 1 3
88570 17 19
31710 10 14
7135 8 5
80864 10 14
76071 10 14
7138 8 5
15331 8 5
31717 17 19
31718 10 14
15335 8 5
64488 20 15
45329 10 14
39914 10 14
23534 17 19
80879 17 19
72689 10 14
23538 10 14
83164 16 18
41125 20 15
80886 10 14
84528 10 14
64504 0 1 3
39929 10 14
48122 10 14
43519 10 14
15359 17 19
31232 20 15
72706 8 5
56323 10 14
56328 16 18
1196 17 19
28503 8 5
72717 16 18
7185 10 14
84483 10 14
7188 8 5
79022 8 5
15382 8 5
15383 20 15
48152 10 14
18948 10 14
84828 10 14
15388 0 1 3 4
15389 10 14
7200 9 13
48161 11
3931 10 14
23590 10 14
7208 10 14
81756 8 5
23594 10 14
48174 10 14
85621 10 14
48176 17 19
56369 8 5
87219 10 14
31797 10 14
64566 10 27 36 14
15416 8 5
26835 20 15
31802 0 1 3
61279 10 14
79029 16 18
31808 20 15
23618 8 5
56391 8 10 5 14
64584 17 19
15437 0 1 3
15438 17 19
7249 10 14
15442 10 14
64596 9 13
31246 20 15
7254 10 14
79033 10 14
36708 20 15
72795 8 5
7260 17 19
31841 8 5
87805 8 5
64613 0 1 3
15465 10 14
47979 10 14
72812 17 19
51730 10 14
5309 8 5
24520 10 14
23669 10 14
40058 16 18
15485 10 14
1216 8 5
61291 10 14
23684 10 14
31254 10 14
72839 10 14
64648 20 15
7306 8 5
15499 8 5
58562 9 13
88484 10 14
40079 8 9 13 5
72216 10 14
72851 16 18
64663 10 14
56473 10 14
75057 10 14
72860 10 14
36874 10 14
15520 8 5
15526 10 14
7335 10 14
51740 10 14
15532 10 14
88353 10 14
64687 25 30
64688 10 14
72881 20 15
48306 8 10 5 14
40118 10 14
81079 10 14
9792 20 15
17430 17 19
15547 10 14
88157 10 14
72896 10 14
40129 10 14
7363 10 14
40132 17 19
40134 10 14
56520 10 14
64714 10 14
15563 5 8 9 13 24 28
15564 20 15
48333 17 19
64719 10 14
23763 10 14
31957 17 19
81111 17 19
72920 20 15
70972 10 14
7389 8 5
48350 10 14
56544 10 14
31970 10 14
31971 25 30
72230 10 14
21713 10 14
15592 10 14
79626 10 14
51751 10 14
7404 5
81134 10 14
7407 8 5
29707 10 14
23080 10 14
56564 10 14
7413 8 5
15606 10 14
55849 10 14
64760 10 14
87252 10 14
72955 9 26 34 13
27982 10 14
81154 21 29
76331 10 14
78263 15
32006 10 14
48393 10 14
34007 0 1 3
48396 21 29
64781 10 14
32014 10 14
56591 10 14
15633 10 14
15638 17 19
23833 10 14
40218 10 14
81179 10 14
64797 8 5
69509 8 5
32033 10 14
40620 10 14
48422 10 14
15655 10 14
32040 16 18
2450 8 5
73003 10 14
40236 10 14
46076 10 14
7470 8 5
7473 8 5
23708 17 19
7475 16 18
18612 8 5
23865 10 14
35381 8 5
48448 10 14
73027 10 14
48453 10 14
17633 10 14
84812 16 18
32074 10 14
32079 10 14
19000 8 5
87267 10 14
40277 10 14
36530 10 14
64857 8 5
54606 10 14
81244 10 14
32093 17 19
40286 38
38117 16 18
73356 10 14
10811 10 14
15719 9 13
7528 10 14
15721 8 5
7530 10 14
87541 16 18
64878 10 14
32111 10 14
48496 10 14
62718 10 14
23924 20 15
48501 8 5
88431 17 19
73079 10 14
48504 10 14
83177 10 14
40316 10 14
73085 21 29
13089 20 15
7553 8 5
30803 20 15
61451 20 15
81284 10 14
32133 0 1 3
19009 8 5
64901 10 14
81291 10 14
7565 10 14
32143 10 14
32144 10 14
48529 10 14
48531 10 14
87278 8 5
56726 10 14
64919 20 15
40348 10 14
23965 16 18
48546 10 14
64931 8 5
64933 10 14
56742 10 14
23976 10 14
7594 8 5
32172 10 14
64943 17 19
31304 20 15
23986 10 14
3998 17 19
50420 10 14
81338 8 5
48571 10 14
54934 10 14
64154 10 14
81342 17 19
64960 10 14
73156 8 10 5 14
81270 10 14
70919 10 14
40391 10 14
7627 10 14
36770 10 14
40398 10 14
2637 0 1 3
73168 10 14
64978 8 5
86999 17 19
32215 8 5
7640 8 5
81372 10 14
48608 10 14
73185 8 10 5 14
24034 20 15
40419 17 19
7652 8 5
35409 12
83999 20 15
73193 17 19
87818 10 14
84272 16 18
16296 17 19
7668 10 14
58622 10 14
85929 10 14
73211 16 18
24061 8 5
32256 8 10 5 14
56833 10 14
56835 17 19
7685 8 5
15878 10 14
79703 10 14
19031 12 22
24076 10 14
87298 8 5
15888 10 14
24081 8 5
73234 10 14
59450 10 14
81428 10
56854 10 14
65048 17 19
24089 17 19
50437 10 14
32291 10 14
56869 10 14
81446 10 14
15911 0 1 3
56873 16 18
46343 10 14
48684 8 5
65069 20 15
73263 17 19
56881 10 14
40498 10 14
20403 17 19
24116 10 14
24118 8 5
24120 10 14
24123 10 14
15932 8 5
65085 10 14
40510 10 14
81471 8 5
81473 10 14
81474 17 19
29963 10 14
24133 8 5
70363 10 14
17716 20 15
15944 10 14
65097 16 18
48715 10 14
24143 10 14
88487 10 14
75022 10 14
17679 10 14
24156 20 15
7778 8 5
15973 8 9 13 5
87313 17 19
81517 8 5
81853 8 5
81003 10 14
59726 10 14
81525 10 14
40566 10 14
24187 10 14
42541 8 5
24190 10 14
87317 8 5
7809 10 14
48770 10 14
5170 8 5
16004 8 10 5 14
81541 10 14
65158 10 14
4033 8 5
7817 17 19
7819 10 14
56972 17 19
73359 0 1 3
24208 10 14
38168 10 14
24210 10 14
39534 10 14
40599 10 14
24516 10 14
56989 8 10 5 14
40614 10 14
48807 10 14
32425 8 5
81578 10 14
48812 16 18
39769 20 15
32431 10 14
48816 10 27 36 14
69821 16 18
73394 8 5
40628 8 5
40905 8 9 13 5
60020 8 5
73402 10 14
75277 10 14
57021 10 14
32446 20 15
81599 10 14
24256 20 15
57025 8 9 13 5
48834 10 14
66821 8 5
58092 8 5
73415 10 14
57032 17 19
73676 10 14
75069 10 14
24268 10 14
24269 10 14
16078 21 29
57039 10 14
17699 10 14
87124 17 19
55929 8 5
7896 17 19
57051 10 14
7901 20 15
24288 10 14
57060 10 14
4049 8 5
81641 16 18
81643 16 18
7917 8 5
43645 29 21
65268 10 14
7927 10 14
73464 8 5
57082 8 5
43647 10 14
81660 10 14
81662 10 14
40704 0 1 3
55936 10 14
73476 10 14
7943 17 19
11994 10 14
1324 10 14
73482 10 14
24535 17 19
73484 10 14
43650 10 14
57102 8 5
57109 17 19
7958 0 1 3
6788 16 18
73498 0 1 3
65309 20 15
79372 10 14
51821 10 14
81696 10 14
16161 10 14
85979 10 14
18269 10 14
30817 20 15
48936 17 19
42346 10 14
32554 10 14
88482 0 1 3
81708 10 14
1330 8 5
32559 10 14
73523 10 14
32734 10 14
74305 10 14
28204 17 19
57145 17 19
16186 17 19
9655 8 5
81732 10 14
60971 20 15
61409 16 18
8009 10 14
83255 10 14
81740 10 14
16205 10 14
16209 8 9 5 13
28643 17 19
61643 16 18
57177 10 14
61916 8 5
70970 17 19
81758 10 14
54664 10 14
6800 8 5
81763 10 14
40807 10 14
65384 10 14
62780 16 18
16234 10 14
81771 10 14
32621 17 19
73582 0 1 3
73583 8 5
35475 10 14
40827 10 14
40828 8 5
4074 8 9 13 5
45226 8 5
49026 38
24454 8 5
24455 10 14
81285 10 14
16266 10 14
27287 8 5
49036 9 13
24461 17 19
75723 20 15
88105 10 14
80537 17 19
1348 20 15
73626 10 14
49052 10 14
65437 10 14
85816 10 14
86000 20 15
65442 17 19
73636 10 14
81830 10 14
24487 10 14
76376 17 19
8106 9 13
9543 20 15
57261 8 5
73647 17 19
49074 16 18
57270 10 14
40887 9 13
65464 17 19
49082 10 14
65469 8 5
69621 10 14
10909 17 19
86197 10 14
65474 10 14
49092 8 5
32712 0 1 3
50508 10 14
87834 10 14
8139 8 9 13 5
24524 8 5
16335 10 14
8149 16 18
16342 17 19
57303 10 14
16344 10 14
23204 10 14
65498 16 18
32733 20 15
24542 9 13
10917 10 14
56192 10 14
36859 20 15
49125 10 14
81894 25 30
41626 16 18
32897 8 5
16362 10 14
82925 8 5
57324 10 14
87378 10 14
57328 10 14
73713 29 21
57330 8 5
50515 10 14
8180 0 1 3
20478 8 5
33279 20 15
81912 8 5
49145 10 14
6121 10 14
57339 10 14
65532 10 14
16381 8 9 13 5
8191 10 14
