3 1
8 4
15 8
21 2
24 11
28 2
29 2
30 2
23 10
34 2
35 13
38 2
44 14
42 12
55 18
58 19
32 12
59 5
62 11
72 20
81 23
86 9
87 25
89 20
90 2
93 19
94 21
96 19
100 2
104 2
109 8
17 9
110 17
111 14
112 26
113 2
117 2
129 2
12 6
131 27
132 2
157 6
160 25
162 14
78 22
165 22
10 5
48 15
167 29
174 0
187 2
150 28
85 24
148 2
206 14
207 10
186 16
212 2
219 2
220 2
225 2
233 2
235 0
237 14
37 2
189 16
241 19
64 16
245 2
250 30
251 2
256 4
257 23
258 2
127 2
40 0
268 19
301 0
27 0
308 2
314 15
316 2
318 2
319 2
322 3
327 27
332 2
227 16
121 2
14 7
361 14
364 31
260 20
380 2
385 9
390 25
140 2
393 0
232 16
431 2
432 32
433 28
442 27
447 33
458 2
459 34
410 2
462 32
282 2
476 2
76 21
154 2
496 20
499 2
504 0
217 2
523 35
284 14
360 0
549 2
449 2
572 2
583 2
586 19
588 2
610 2
544 0
627 2
556 16
631 2
2 0
643 2
646 2
182 16
653 29
669 36
306 13
680 2
514 2
683 0
688 2
692 2
69 2
457 2
704 2
67 19
713 2
50 16
737 2
526 1
736 2
7 3
784 19
792 2
135 20
200 19
215 2
827 2
530 12
831 30
857 2
603 20
539 2
310 2
888 2
894 37
909 0
696 2
930 0
384 2
969 12
978 19
979 2
987 2
345 2
249 0
142 20
1006 35
1031 0
1032 2
1033 2
621 2
1076 2
1109 0
1110 2
197 16
799 0
614 18
558 2
1148 2
356 2
1168 2
1177 2
672 2
1189 2
1197 2
146 14
1204 19
1224 2
1238 2
966 2
1254 2
576 2
1266 2
1290 31
222 2
53 17
240 0
1301 19
429 20
506 2
1362 2
1363 0
180 7
1384 19
1390 27
102 2
1029 19
288 0
1471 2
1487 2
934 0
382 0
1496 0
582 2
326 2
474 2
1231 2
1567 0
1526 2
1584 28
466 2
297 2
1595 2
1596 2
1627 31
57 0
1651 2
1270 2
1678 0
579 0
1693 31
1065 34
1720 2
1222 2
1751 14
83 2
1766 2
313 2
262 31
1788 2
1803 14
1806 2
202 2
1837 2
1157 9
1892 2
389 2
1937 14
552 2
1955 2
1984 2
2000 2
2009 2
396 2
2025 2
1293 2
2036 38
2044 2
2052 14
2065 2
2066 31
46 2
2071 2
1332 2
511 2
2103 6
2143 14
1987 0
2170 2
2182 2
2194 2
2198 31
2201 2
278 0
1315 2
2215 2
2229 2
2240 2
2246 2
1927 2
2279 2
2284 2
2292 2
2297 0
904 0
864 2
1993 2
1322 2
2394 19
2232 2
2424 2
2430 2
74 2
401 2
2482 2
2497 0
2039 2
2507 14
20 2
2580 14
159 2
2583 0
2592 31
1995 2
2618 2
1932 2
107 2
1342 2
2658 2
2664 0
1718 2
2675 27
1850 2
2042 2
2721 2
2730 2
482 2
2396 2
502 2
2787 2
2833 2
2765 2
1974 2
2894 14
2666 14
2942 2
1425 2
2974 31
2382 2
2076 2
3052 2
1184 2
3149 2
3162 14
537 2
3179 2
426 2
3219 0
3230 2
3238 0
2287 0
3274 2
2707 2
3361 2
3409 2
772 2
959 2
3480 2
3506 2
730 2
2374 0
2146 2
691 2
444 2
152 2
3686 19
2823 2
1095 2
2333 0
3721 14
489 0
3749 14
3769 2
3777 37
3783 2
3696 2
3805 0
3823 0
782 2
3850 2
3355 2
3901 2
528 2
3953 19
3402 2
1059 2
2352 31
1146 2
4037 2
906 2
2393 2
3376 33
4106 2
437 2
4131 2
4165 2
4173 31
4207 2
3987 2
4283 27
2328 27
1265 2
418 2
4301 2
4350 31
4371 2
4377 2
4381 2
1218 0
891 2
4416 2
4445 2
4497 2
4518 19
4180 2
2080 2
4623 31
4624 2
4666 16
4712 19
4724 2
4746 2
1428 2
4820 0
2891 2
4851 2
1174 2
324 2
4941 2
4976 2
2290 2
1629 2
5109 14
321 2
1395 2
5153 2
2133 0
176 2
5204 0
5294 2
4153 2
3013 2
5332 19
5359 39
439 2
1286 2
657 14
5469 2
4466 2
2344 2
5638 31
1250 2
1970 2
1073 2
5784 19
5803 2
1447 2
855 2
3699 2
2926 2
6126 35
6089 38
6154 2
6173 19
4167 2
6200 2
2635 2
6222 31
6250 2
6318 0
6348 2
3042 2
6482 2
2120 2
6546 0
6569 2
6597 2
6615 2
193 2
6641 2
5051 2
6746 2
6779 14
1805 2
1081 0
3280 2
6921 14
6925 2
6937 27
5976 2
5232 2
7026 2
7027 2
7076 31
7079 2
7088 2
7113 19
7149 31
4078 0
7272 2
7295 0
7369 2
4248 2
7410 2
7314 2
7506 2
4963 2
7540 31
1964 0
2985 2
7768 2
4296 31
7827 0
7850 2
7875 2
337 0
4682 2
8003 39
8110 2
8135 2
8144 2
635 2
8268 2
8393 2
2281 2
8475 0
3440 0
8018 2
3789 14
2742 0
119 2
8608 2
1795 2
3397 2
8627 2
8654 2
8683 2
8687 2
7696 14
8760 0
8787 0
8889 19
867 0
9014 36
778 2
4219 0
9109 31
9122 2
9126 2
2234 2
9127 2
8749 2
6442 0
4392 0
1835 2
1746 2
98 2
4209 2
9299 2
7132 2
61 16
9411 0
9422 2
9427 2
9538 19
2782 2
9621 2
9641 0
5558 2
9845 2
9860 2
9862 2
9935 2
9987 2
1021 0
172 2
8138 2
10158 2
2671 2
6792 2
10231 2
3125 2
4886 0
10437 19
10449 2
739 2
2639 0
10547 2
10567 27
10614 2
10655 2
10667 2
4513 0
6872 2
3538 2
10805 2
7453 24
10829 2
10831 0
10832 0
593 0
3535 2
1242 2
2520 2
11292 14
2945 2
11338 2
11485 14
11498 2
11590 2
2686 2
2024 0
3729 2
3590 2
9283 0
11728 2
11759 2
11762 2
11763 0
11812 19
11826 0
4422 2
1816 2
211 0
5074 0
5802 0
12085 14
7283 0
5320 2
12247 2
12326 0
2186 0
12290 2
12365 2
5519 2
12396 2
723 2
12545 0
12582 0
12637 31
563 2
6975 2
10575 2
4439 2
12766 31
12867 2
4206 2
12933 31
7109 2
4877 2
13102 2
13136 19
1832 2
554 20
13278 2
13360 2
7776 2
5866 2
13637 2
6619 2
13667 31
13781 14
5454 2
8600 2
13846 19
4641 0
13647 26
4678 2
13052 0
9358 2
14120 2
9672 0
873 2
1129 2
14474 2
1513 2
13998 2
1503 2
14640 2
2533 2
3887 0
14816 2
14843 19
943 2
14884 14
10534 0
14972 2
4290 2
15120 19
15128 19
247 2
15294 0
15386 2
633 2
4388 2
13435 2
4644 2
15592 0
15760 2
3379 2
15826 2
280 2
5861 0
9967 0
1345 2
16084 2
7629 15
124 2
1712 2
16228 2
16248 19
5284 2
1039 2
16289 2
1792 2
665 2
2732 2
16451 2
178 2
9708 0
16575 41
16589 2
4084 2
16692 2
5562 2
2736 2
16788 31
16832 2
9227 14
16864 2
16893 27
10875 2
16626 2
8126 0
17104 14
17154 2
17308 37
6906 2
3351 0
3339 0
266 2
3975 2
17769 2
4800 0
17941 14
5157 2
18195 0
18388 2
3296 0
2011 2
11218 0
18531 14
2789 0
1669 2
4359 2
16525 2
9124 2
3801 2
5953 2
12338 0
682 2
18854 0
1664 2
2588 2
4332 2
2563 2
19107 2
19116 0
19145 2
435 2
2433 2
19262 2
19461 14
4638 2
19628 2
294 2
19675 19
10446 0
19722 0
19836 31
3243 2
20040 2
20042 2
17357 2
1643 2
3226 2
1998 2
20353 2
2259 2
18922 2
20719 2
20838 2
21052 19
13028 2
6600 2
2249 2
534 0
833 2
21639 2
5433 2
3483 0
21964 2
22029 27
788 2
19639 2
22061 26
303 0
914 2
22281 19
4844 2
6816 0
22476 31
16181 2
3556 0
22837 2
22902 2
8316 0
17146 2
22924 2
23029 19
6934 2
156 2
6068 2
23712 2
23717 31
16920 2
23815 2
5199 0
2579 0
9206 2
24292 0
13692 0
24311 2
5381 2
24363 2
405 2
1025 2
13226 31
5827 0
24434 14
3605 2
5651 2
13677 19
24783 2
3895 2
10538 0
8947 0
16385 2
24918 2
24942 19
25032 0
144 2
8212 2
927 2
6870 2
7633 0
25637 2
25739 2
25794 31
4347 0
25922 2
2863 2
25992 0
26080 19
1162 0
18218 0
26562 0
6384 0
26648 2
9806 0
7344 2
27118 2
5649 0
25988 2
5283 2
4916 2
335 2
27755 19
27774 2
1648 0
4182 2
27990 2
28003 2
28148 2
19899 2
28328 19
9989 2
28755 27
4948 2
28844 14
9304 2
5031 2
29097 0
3871 2
14421 2
29138 2
11832 2
5311 2
4374 2
6091 2
5171 2
5111 2
2369 2
29759 2
8881 2
8849 40
8823 2
30022 0
30064 19
18926 0
3885 2
30357 31
2162 2
30499 2
30526 26
1674 2
30620 27
379 0
23143 2
8033 2
28754 2
1279 2
16851 2
5834 2
5987 2
10043 2
5089 2
31206 2
10224 0
31239 14
14213 0
17545 2
10495 2
3902 2
31765 2
31767 2
31777 2
4807 2
32225 2
32384 14
4447 2
32653 31
32679 27
8078 2
3085 2
2727 2
32928 2
23558 2
30613 0
33302 2
1274 2
10216 2
33669 31
33761 19
33880 14
28744 2
15379 2
6252 2
1709 2
34269 0
5194 0
2836 2
6206 2
34621 0
12897 2
5658 2
34792 2
11532 2
17177 26
34814 2
5969 26
14668 31
32790 2
8307 2
9086 0
949 2
18235 2
7317 2
14367 26
11201 2
34572 26
35430 19
7455 2
22493 2
35804 2
35815 2
2729 0
6665 2
8934 0
30053 0
5929 2
36367 31
36511 2
3066 0
36869 0
36948 19
2752 2
5531 19
5422 2
37750 2
19617 2
14959 0
30464 0
3578 2
13183 0
29505 2
33457 2
18027 2
2314 2
39013 0
13367 2
3735 2
39153 41
13626 26
3724 2
1339 2
39347 0
39448 14
1574 2
39675 2
39738 2
19765 26
19626 2
37024 0
1765 0
40521 2
40616 19
14993 2
30438 2
18454 2
2614 2
4178 2
2244 2
24054 2
9394 2
39804 2
41595 2
41596 2
32673 2
92 2
13395 0
41763 19
27853 2
15540 0
41844 2
41914 19
42012 14
17164 2
42227 40
8218 2
36714 2
42542 0
42573 2
42597 2
5 2
1259 0
42749 2
5350 26
15938 2
43219 31
30719 0
1444 2
1882 2
41585 31
43545 2
32200 2
43607 2
10554 19
43692 2
32523 2
43774 31
3822 0
6948 2
44253 0
44361 14
44371 31
23593 2
26978 2
5373 27
29119 2
9745 2
17139 27
44450 0
45161 19
45173 40
19390 2
45333 19
19586 2
28788 2
46302 31
43872 2
1023 2
2791 2
46441 14
1306 2
3494 0
1684 0
17301 2
3575 2
47004 0
3153 0
31615 26
2371 2
47166 2
47174 2
47189 31
37487 27
47307 14
880 2
1507 2
5941 2
1220 2
47694 14
274 2
339 0
1576 0
21602 0
13979 2
48317 37
4117 2
48515 2
48563 2
16956 2
12518 2
1562 2
47183 2
16800 2
49232 31
11547 2
7382 2
20285 2
19282 2
49658 2
46959 0
25011 0
49815 2
1501 2
38045 2
32254 0
50325 14
50349 26
1839 2
13854 2
31435 2
12323 2
6421 27
1543 2
51262 27
38350 2
1581 2
13543 2
52013 2
52067 2
12084 0
52548 2
52697 2
716 0
44698 2
5583 2
8374 2
52937 0
38713 2
509 0
3964 2
28726 2
20209 2
21630 2
29805 2
29632 2
38502 2
22266 0
47164 2
14619 2
14025 2
14249 0
54338 19
54358 26
50728 26
54924 2
46872 2
40437 2
1534 2
4920 2
1537 2
55977 2
1896 2
33776 0
47294 2
31887 2
19778 2
29492 2
26999 2
1300 2
56668 2
4617 2
51231 26
49477 2
3000 2
47466 2
15595 2
47942 2
57463 14
16662 2
15054 0
18656 2
10054 26
58063 2
1155 2
3177 2
58506 2
12554 2
58707 2
22000 2
19797 0
38261 2
59078 2
33979 40
11787 2
59474 2
59699 0
2673 26
30868 2
15579 2
51712 2
60007 2
60220 14
60236 19
26019 0
22679 2
454 2
19926 0
13257 31
61051 2
61252 40
1050 0
721 2
61709 2
61828 2
5899 2
17959 2
29823 2
8595 2
2539 2
1798 2
62439 26
6729 2
26000 2
4580 0
62697 40
62714 2
62824 2
62855 2
62893 14
12022 2
12217 19
62936 19
184 2
3104 2
63161 0
32136 27
63533 19
63940 0
64016 2
23130 0
21950 2
12080 2
64339 2
8518 2
64479 27
5806 2
12798 2
2474 2
22725 0
12923 2
9449 2
64925 31
35719 0
65245 0
4200 2
65348 0
11306 2
35304 2
58147 26
16120 2
5477 2
66670 26
66690 2
66719 2
16757 2
21203 27
67115 0
67154 19
32419 0
5809 2
32301 2
41887 26
67609 19
13267 26
67821 19
27528 2
67879 31
67513 2
41253 2
68089 2
5258 0
14373 2
68222 19
2449 2
68464 27
137 2
330 2
68704 27
4263 0
26823 31
16602 0
49252 0
26158 2
23203 2
51696 26
7683 2
38455 2
7039 0
69943 31
24470 0
23965 0
31468 2
70384 19
70435 2
9475 2
22566 2
59135 14
70641 19
70773 14
70848 19
4015 2
14876 2
71473 0
67792 26
51455 0
36459 2
755 26
12254 2
10097 2
2435 0
71993 0
9756 2
65077 0
72120 26
41921 0
47134 0
24930 0
1119 2
11893 2
27446 2
25778 0
36858 2
17949 2
5443 2
73115 0
37978 2
11118 26
18765 2
35979 26
73671 19
73807 2
73988 0
3940 0
6411 0
32096 31
14181 2
62136 0
74411 26
74504 31
74557 31
31544 2
30762 2
5352 2
1043 2
16408 2
14283 0
43210 0
11367 2
12971 2
76132 2
76188 2
76329 2
76520 2
6580 2
76743 19
36941 2
9887 0
6343 2
69080 2
3561 2
77159 19
3715 26
77217 19
41918 26
15959 2
20923 0
77567 2
27642 2
77655 2
11399 2
8637 2
17696 0
77977 19
59392 2
13199 0
15225 2
20372 2
78372 31
16875 2
43352 2
2272 2
2607 31
16726 2
10169 2
32437 2
23702 0
79004 0
953 0
79342 0
20504 0
15881 2
65054 0
76061 0
34885 2
18375 0
27632 2
61446 26
79387 26
2439 2
12921 2
41227 19
50853 0
80545 2
80818 40
80905 14
80969 2
74893 2
73141 2
12130 0
81367 31
18827 2
40489 31
81675 0
25772 0
74622 2
81987 26
8303 2
82147 19
11842 2
70147 0
17469 26
82401 0
18846 2
70728 2
36904 0
66464 0
13793 2
7601 2
7800 0
34404 0
49432 0
82967 0
75645 2
11593 2
10942 2
69256 26
47010 0
1056 2
28085 2
83509 2
816 2
83633 19
83775 2
12910 2
29542 26
84234 19
23152 2
12251 2
21025 0
84404 26
13239 2
64634 2
84512 2
2598 2
27652 2
48651 0
50397 31
39220 2
50155 2
11471 2
79958 2
37233 2
67301 2
26906 2
38886 0
5646 2
75652 27
25581 2
7678 0
39833 2
77632 0
11948 2
85931 2
79496 2
1869 2
9036 2
67733 0
26149 2
13713 0
13695 0
86345 19
13245 2
20243 26
29775 2
1547 2
997 0
86446 2
28838 0
71828 0
2227 2
86613 2
2494 2
77422 2
45714 2
73628 0
18649 2
73499 2
23108 0
86964 0
1091 0
11187 0
36125 2
6812 2
80681 2
19830 2
34500 0
8070 2
66932 0
6416 2
68789 19
68406 27
51405 0
33490 2
33990 2
72695 2
4546 2
61583 2
87782 0
36342 2
84858 0
7041 2
87894 26
24006 0
66487 0
41232 0
22943 2
88224 2
20943 0
42759 2
56082 2
50142 2
84700 26
60489 2
42586 2
80559 0
47533 2
19086 2
86734 2
49575 2
5624 0
64428 0
87260 26
53860 2
7216 27
33957 27
87195 0
8168 2
19958 2
20855 2
3487 26
65588 0
19747 2
37622 0
89570 2
35460 2
7101 2
52051 0
9118 2
14928 2
72446 2
69898 26
88025 31
37617 2
80289 2
22917 2
11583 0
31258 2
50662 2
28843 26
32480 2
36581 0
29209 2
11923 2
4601 2
77651 0
10698 2
29005 0
19253 0
82232 31
89917 2
47333 0
32333 0
18587 2
77987 26
17120 0
57241 2
90196 2
7654 2
68471 0
71038 2
18154 2
90226 19
76747 2
46485 26
42184 2
4610 0
41134 0
72326 2
49296 2
2364 2
13524 0
84543 0
80109 2
26302 0
48672 0
78145 2
59832 2
55011 2
81556 2
67628 27
38821 0
86116 0
87125 0
5087 2
75056 0
69370 0
71513 2
28159 2
57639 2
15144 0
14389 26
40724 0
2506 2
90688 14
16354 2
3518 2
1724 0
35967 0
68884 0
9009 2
30648 0
18247 0
17031 0
82371 27
25616 2
13076 2
60134 0
67237 2
22135 0
31506 2
85529 2
7954 2
10635 0
58947 2
52905 0
19296 27
41196 0
7425 0
22579 2
45051 2
46292 2
12779 0
1904 0
8314 2
62300 26
54572 27
90884 2
84415 26
5219 2
47395 2
16557 2
51407 0
13681 2
4767 2
40937 0
20332 27
55457 2
77897 2
10062 0
35121 2
37698 2
62170 2
76812 2
17522 0
77924 2
90933 2
4234 0
68644 2
12756 0
12700 26
75673 26
59990 2
78062 0
62224 0
15446 0
42994 2
52231 2
12913 2
43336 2
60697 2
60179 0
17901 0
82019 26
71600 0
8097 2
29833 2
64721 0
27172 2
11639 2
3367 2
30182 2
71344 0
10266 2
9148 2
47078 2
4761 2
6305 2
15985 2
48724 2
11734 0
79110 2
22934 26
90334 26
10235 2
13723 2
90272 0
90842 0
76502 2
71809 2
21690 2
14910 2
3912 26
60328 0
68524 0
18886 2
62597 2
73734 2
84364 26
8253 2
7205 2
11835 0
55730 0
70035 2
33604 2
82171 0
69504 0
19708 2
